,start,end,street_name,delay8pm,delay5pm
0,42445950,42445953,MadisonAvenue,11.9594458222476,18.370867808089173
1,42455113,42445953,East60thStreet,47.3963032877033,61.29295213649151
2,42445947,42445950,MadisonAvenue,11.226363797554075,17.993123947706387
3,42440313,42445950,East59thStreet,48.698945850287686,67.38987259121399
4,42445936,42445941,MadisonAvenue,12.29982325089764,21.6290494182652
5,42448338,42445941,East55thStreet,49.68573917817014,65.62398549854792
6,42445930,42436701,MadisonAvenue,13.466460539145114,21.496871179336637
7,42436703,42436701,East53rdStreet,45.697035955539405,64.75465315317723
8,42445928,42440453,MadisonAvenue,12.655881624239216,20.758140622986332
9,42440456,42440453,East51stStreet,47.63285925749025,69.26656527982728
10,42445926,42438881,MadisonAvenue,12.768404612634162,20.104050840974818
11,42438886,42438881,East49thStreet,49.43189574950036,76.20115954082006
12,42445733,42436539,MadisonAvenue,8.451116855835593,10.17308608753462
13,42436541,42436539,East89thStreet,33.34461846515268,39.74501114157257
14,42437918,42421741,AmsterdamAvenue,9.766057824353208,11.406553113654304
15,42421737,42421741,West106thStreet,51.68826953025815,62.70635292361284
16,42424395,42430135,LaightStreet,12.254684723196027,16.446165575256103
17,42440829,42430135,CanalStreet,24.463984297061838,40.24141429425839
18,42439550,42430135,CanalStreet,16.640397090076533,21.277144579479167
19,42430126,42430135,6thAvenue,16.414975537924615,24.34347178670249
20,42439191,42451018,AvenueC,19.311825758816028,27.565993924161464
21,42439191,42438362,East20thStreet,22.72917632243256,27.741803470735892
22,42438463,42438362,StuyvesantLoopNorth,61.0920358409031,65.02867892490484
23,42445256,42438963,MadisonAvenue,17.24119468519931,21.41508060422886
24,42445230,42445227,East71stStreet,31.678235793783504,36.41387429582258
25,42429682,42445227,MadisonAvenue,8.497583209714984,9.834844608960942
26,42445230,42436481,ParkAvenue,13.683853915721436,14.899424499586608
27,42438795,42436481,ParkAvenue,13.457403165767436,19.70854792619249
28,42436484,42436481,East72ndStreet,31.26505342185905,40.43520412599375
29,42436477,42436481,East72ndStreet,28.377275991454454,39.872980276390635
30,42431187,42442574,AmsterdamAvenue,9.215151098037436,11.038204519601335
31,42428814,42442574,West114thStreet,82.03576828597615,86.20307541963008
32,42442575,42442574,AmsterdamAvenue,11.057182409762808,11.862520303808305
33,42431187,42437222,AmsterdamAvenue,9.815551392365457,10.105245996514917
34,42428799,42437222,West112thStreet,71.62469318090653,75.90801275252525
35,42442571,42437222,AmsterdamAvenue,9.143272931501317,10.49410501728608
36,42445183,42446171,MadisonAvenue,9.541418245761953,12.090542530078269
37,42452330,42446171,East123rdStreet,25.11739137741045,29.64363377167632
38,42449906,42429896,3rdAvenue,14.208940090253895,15.938219951334352
39,42429890,42429896,East26thStreet,40.45856100190234,39.60359280244262
40,42441191,42441204,RiversideDrive,10.579724453665282,12.41682502469135
41,42437305,42421806,AmsterdamAvenue,9.597265566618683,10.401492971511814
42,42421809,42421806,West84thStreet,43.51945020218111,42.46859134154687
43,42441299,42441283,RiversideDrive,29.238487348586826,33.94505588198367
44,42441276,42441283,RiversideDrive,29.166399385834566,32.19110696402879
45,42432764,42441283,RiversideDrive,14.250505348394752,16.616887590338536
46,42441299,42437920,RiversideDrive,12.935200857142858,13.722639073668859
47,42431118,42437920,West105thStreet,20.209614218749994,22.95192914338921
48,42441299,42431116,West104thStreet,18.98249464953271,20.858878302852965
49,42431113,42431116,WestEndAvenue,12.540775412353348,14.382399242153607
50,42431118,42431116,WestEndAvenue,10.540715730426161,11.417964078789476
51,42441283,42441913,RiversideDrive,13.486631513083054,11.100934305896816
52,42441283,42441299,RiversideDrive,35.834977161290304,39.943292612282335
53,42441903,42441299,RiversideDrive,9.723759825889477,12.73947835306097
54,42441283,42441276,RiversideDrive,22.854210120663645,28.80482542850145
55,42441926,42441276,CathedralParkway,21.43667472312703,25.906960737273245
56,42431193,42441276,RiversideDrive,18.337434997934302,20.189013541286982
57,42429394,42436431,HudsonStreet,18.981564132251766,17.543463359256545
58,42429390,42436431,GansevoortStreet,38.9149291679005,36.71182392144239
59,42427855,42427859,ShermanAvenue,6.186861442687746,9.980562222222222
60,42432789,42427859,DyckmanStreet,9.50641160530192,11.394513027295284
61,42432795,42427859,DyckmanStreet,15.850956772486773,20.400752698412703
62,42427863,42427859,ShermanAvenue,36.314952631578954,47.08041052631579
63,42427855,42427852,ShermanAvenue,12.933961976744184,15.208596111111113
64,42431180,42427852,ArdenStreet,12.38096015503876,17.840343137254898
65,42427849,42427852,ShermanAvenue,5.3656309706959675,8.00529771144279
66,42444810,42446066,MadisonAvenue,8.579356259978796,10.276947473475069
67,42456578,42446066,East91stStreet,34.15397771117166,38.534514478298995
68,42427242,42459820,GoldStreet,8.119185156037991,10.47210684224458
69,42448483,42459820,GoldStreet,9.95518870185206,14.018956600453595
70,42427242,42427239,SpruceStreet,25.51664513677813,32.684989807848446
71,42444487,42434166,MadisonAvenue,8.291567293261334,10.875661605677577
72,42434168,42434166,East95thStreet,37.94618378934191,43.3110413981644
73,42427212,42427216,FortWashingtonAvenue,33.970602375979155,43.33491236760121
74,42442400,42427216,West190thStreet,14.595409828693793,21.94509400749065
75,42428144,42427216,West190thStreet,20.901913438914022,26.267805061728396
76,42427212,42427206,FortWashingtonAvenue,28.153157234042553,35.801612210526315
77,42427196,42427206,FortWashingtonAvenue,15.923644173599556,25.795237260034913
78,42428374,42428368,Broadway,21.71388185583061,40.00577784065267
79,42446622,42428368,RectorStreet,35.52271642703861,55.55671211604098
80,42437826,42437830,AvenueC,27.893003161782303,25.398508044712628
81,42455480,42437830,East16thStreet,132.3335925,224.9712783333333
82,42440754,42437830,AvenueC,29.56549883174255,23.37542824444904
83,42443817,42446169,MadisonAvenue,9.894985679824561,13.001133092112232
84,42456162,42446169,East121stStreet,22.09911120287253,24.850836132686076
85,42430233,42430235,6thAvenue,15.081851716061285,13.058854962604382
86,42433281,42430235,WaverlyPlace,44.055311934913206,38.736159949403465
87,42430187,42436848,MinettaStreet,11.724626733513308,8.911410013903375
88,42430187,42431517,DowningStreet,45.68761275822272,26.850270207593056
89,42431515,42431517,BedfordStreet,20.790141314070517,22.326947750887186
90,42430187,42430205,6thAvenue,14.392472315864188,14.73200166188934
91,42436848,42430205,MinettaLane,18.603458236083977,9.233390631252156
92,42431773,42430205,CarmineStreet,20.88612825444697,18.070989914444887
93,42443612,42432825,MadisonAvenue,14.5375846207454,23.12734174995193
94,42432834,42432825,East57thStreet,48.88662521548632,67.32386515873222
95,42432818,42432825,East57thStreet,36.96505028174649,59.46354889520562
96,42437108,42432060,AllenStreet,38.05825261818022,38.047472946721314
97,42437108,42429646,RivingtonStreet,18.683487836042648,17.657161395406888
98,42437078,42437082,RivingtonStreet,23.16048798908681,20.273971564673143
99,42458313,42432305,PrinceStreet,19.98646985259633,25.029917115092122
100,42432308,42432305,MottStreet,61.73466976039368,63.57518227818988
101,42429700,42430233,6thAvenue,13.676275555321826,12.512761394987306
102,42433821,42430233,WestWashingtonPlace,52.259282046367844,40.61287448045225
103,42424610,42434871,BeachStreet,26.31426696078433,32.982133678601855
104,42436060,42434871,GreenwichStreet,16.411250806344654,19.524670679113537
105,42438297,42441952,RiversideDrive,7.828796165029477,12.28576509782706
106,42441953,42441952,RiversideDrive,9.996188173374618,11.038916536796537
107,42438297,42428922,West142ndStreet,27.67252929618769,31.29658484240688
108,42434427,42437663,West34thStreet,28.76161664337388,41.9913614958561
109,42444960,42437663,9thAvenue,12.903515178545529,14.605316936064456
110,42435644,42437663,West34thStreet,66.77100845469357,101.03992215675676
111,42428970,42433024,West164thStreet,20.779916624605672,36.012482227722764
112,42433027,42433024,SaintNicholasAvenue,9.039319901207463,12.518150381895325
113,42433020,42433024,SaintNicholasAvenue,5.528002960308709,10.363333411371242
114,42428970,42428973,Broadway,7.050078140501407,12.744953953559424
115,42433027,42428973,West165thStreet,12.830669094827588,18.02981247663552
116,42427133,42428973,West165thStreet,23.840743505311075,38.4788120415648
117,42428966,42433017,West162ndStreet,30.338350892857147,42.41834827027028
118,42442684,42433017,AmsterdamAvenue,12.19604639705882,15.169913773584904
119,42442671,42433017,AmsterdamAvenue,4.414866185619584,8.296251011816839
120,42433011,42433017,SaintNicholasAvenue,6.73699375680581,10.097477399999997
121,42433020,42433017,SaintNicholasAvenue,9.262116580427442,13.277434423631115
122,42428962,42442659,West158thStreet,40.635232932235596,53.13146095076398
123,42442656,42442659,AmsterdamAvenue,6.856326123996433,12.092696419975937
124,42438257,42442659,AmsterdamAvenue,10.48847269396552,13.106403235294113
125,42428962,42427086,Broadway,6.550387566859418,12.06543020616452
126,42438257,42427086,West159thStreet,39.16711363636365,45.55966475095785
127,42427112,42427086,FortWashingtonAvenue,12.001796564885495,13.376912873563215
128,42428956,42442651,West155thStreet,41.86225836653386,52.55722510548524
129,42438024,42442651,AmsterdamAvenue,7.334748288508553,14.104516056338026
130,42433339,42442651,AmsterdamAvenue,12.792494674369745,14.473090348837214
131,42432985,42442651,West155thStreet,24.70781126262628,27.728344233983282
132,42428951,42442642,West152ndStreet,51.91686091954021,56.78994136363639
133,42442645,42442642,AmsterdamAvenue,11.036265581395346,11.540651931330466
134,42442638,42442642,AmsterdamAvenue,7.8183840523946015,12.850542980984335
135,42428944,42442635,West150thStreet,57.5005735690236,55.38824788418711
136,42442638,42442635,AmsterdamAvenue,10.055001247863249,10.432818975409841
137,42434340,42442635,AmsterdamAvenue,8.293437692035399,11.73956942842431
138,42428939,42439213,West148thStreet,53.15779316109422,54.39146923076926
139,42442628,42439213,AmsterdamAvenue,9.279008744534666,13.17768595192308
140,42434340,42439213,AmsterdamAvenue,9.325145594541915,11.34323302367942
141,42428928,42442621,West144thStreet,49.50587529274002,48.869814317180605
142,42444854,42442621,West144thStreet,24.39328608552632,30.687931411411405
143,42442618,42442621,AmsterdamAvenue,8.40628766622163,11.716499651162795
144,42434262,42442621,AmsterdamAvenue,11.683284216478185,12.038877205479455
145,42428928,42428931,Broadway,7.8124952709172435,11.724618234387044
146,42434262,42428931,West145thStreet,54.5319319088319,55.24636793587175
147,42434264,42428931,West145thStreet,20.257979000000002,26.82361390862944
148,42428922,42438295,West142ndStreet,41.449268131868116,40.92613412738852
149,42442618,42438295,HamiltonPlace,14.691732366255147,13.327406884681578
150,42428917,42433800,West140thStreet,28.273826650552497,28.272705116279067
151,42447404,42433800,HamiltonPlace,12.618857921810706,12.984440602636536
152,42428912,42441949,West137thStreet,37.613828546798025,39.12988143730885
153,42441947,42441949,RiversideDrive,8.35353350465678,12.193206129615927
154,42428880,42434105,West133rdStreet,29.515493416592317,36.38365358126721
155,42439054,42434105,12thAvenue,19.581232790091256,19.477032436882546
156,42429541,42434105,12thAvenue,8.455039601473544,11.394382321041215
157,42428880,42434101,West133rdStreet,12.259367691231347,14.868947658291464
158,42438224,42434101,OldBroadway,20.303044234527682,24.40129480158731
159,42434098,42434101,West133rdStreet,39.67898458390175,42.71361955719557
160,42428846,42443165,West122ndStreet,17.66128550274223,19.37411729361702
161,42441102,42443165,West122ndStreet,12.654330476603125,14.713069781078975
162,42429716,42443165,ClaremontAvenue,25.30115227234755,28.74048823788547
163,42421865,42443165,ClaremontAvenue,29.12187786318216,30.566015011876488
164,42428846,42435354,West122ndStreet,60.495335640273744,57.54590403039313
165,42442580,42435354,AmsterdamAvenue,10.502618951195648,14.517766933386278
166,42438928,42435354,AmsterdamAvenue,17.20596860486892,19.86618955379189
167,42435380,42435354,MorningsideDrive,21.75042092821781,25.62393370696557
168,42435253,42435257,CentralParkWest,14.089778654933259,15.828374645212786
169,42428583,42435257,West64thStreet,44.37846227079712,46.982632674835386
170,42435261,42435257,CentralParkWest,14.410272937959846,18.096047818998112
171,42435253,42435250,CentralParkWest,12.603915152074414,16.592452930409824
172,42421969,42435250,CentralParkWest,14.904623225551125,17.201057923943313
173,42435250,42435253,CentralParkWest,14.22894329599454,15.812519138753991
174,42435257,42435253,CentralParkWest,14.380753255727775,19.03472764398665
175,42428782,42442569,CathedralParkway,80.04987436293432,84.98078391234641
176,42442571,42442569,AmsterdamAvenue,11.659643615509546,13.239193856955627
177,42442567,42442569,AmsterdamAvenue,8.908644811577943,11.025402026746919
178,42435359,42442569,CathedralParkway,57.92339639953536,67.29317619047623
179,42428782,42441926,CathedralParkway,18.007149662007613,22.343378018108663
180,42441913,42441926,RiversideDrive,13.801397226578631,12.299940280742463
181,42441276,42441926,CathedralParkway,20.888994887525577,17.257268032786893
182,42439042,42441947,RiversideDrive,9.534665939604382,13.694494036247654
183,42441949,42441947,RiversideDrive,11.88763346315789,12.563718895238097
184,42439042,42428892,West135thStreet,32.28797622928177,44.08631466248039
185,42438836,42428892,West135thStreet,46.11541125541128,50.06342916666666
186,42426374,42446723,LenoxAvenue,14.744800725190848,19.593277456854445
187,42446721,42446723,West111thStreet,59.29503931159421,72.7153695696374
188,42437204,42446723,LenoxAvenue,9.331286993090307,10.964035513249657
189,42433163,42446723,SaintNicholasAvenue,13.8194283513976,15.706971889610386
190,42426374,42433743,CentralParkNorth,48.95528261245677,55.31788307453416
191,42433756,42433743,CentralParkNorth,50.05084840080521,56.42567044925582
192,42429986,42431661,1stAvenue,9.235523734840367,13.489777745525224
193,42431659,42431661,East64thStreet,41.6389720156004,57.38002541744967
194,42432706,42455761,10thAvenue,10.359339516882727,14.271392791768205
195,42428454,42445520,BondStreet,34.81412865705765,38.146334771712525
196,42445603,42452067,ChrystieStreet,19.790012940214147,22.426096761768914
197,42451660,42452067,GrandStreet,22.03928901175986,24.769414779411758
198,42437589,42452067,GrandStreet,35.99219962985021,33.09297989016578
199,42432085,42452067,ChrystieStreet,23.6404434013158,29.576471757009315
200,42445603,42437580,HesterStreet,17.522891426266245,23.25264486610289
201,42437589,42437580,TheBowery,30.830170924903978,43.077677355214526
202,42433064,42433062,SaintNicholasAvenue,9.33988775229358,10.789155531914897
203,42433060,42433062,SaintNicholasAvenue,6.581005440313112,12.247753565459616
204,42433064,42428086,SaintNicholasAvenue,6.985466075731501,12.188413202099746
205,42428090,42428086,West180thStreet,18.46246875968993,23.07309678947368
206,42433066,42428086,SaintNicholasAvenue,16.014660810810813,18.00893307692308
207,42433062,42433064,SaintNicholasAvenue,6.256844124423965,10.064821172069824
208,42428086,42433064,SaintNicholasAvenue,13.010615499999995,16.595638
209,42433062,42433060,SaintNicholasAvenue,11.123434430379753,14.723063066666667
210,42455252,42433060,West177thStreet,13.24846698324023,20.77247201465201
211,42433058,42433060,SaintNicholasAvenue,6.328157403846157,11.910722898936172
212,42434160,42438045,AmsterdamAvenue,9.520857646867675,10.597965503848153
213,42428682,42438045,West88thStreet,39.15741506843575,38.97115644108195
214,42425570,42435331,CentralParkWest,11.732083022548773,11.990259590547815
215,42435333,42435331,CentralParkWest,10.303855028538146,13.144924072932715
216,42425570,42425232,CentralParkWest,34.25788124329351,46.19099162576931
217,42431293,42425232,97thStreetTransverse,21.436171460993677,26.895964690014416
218,42424439,42425232,CentralParkWest,11.896545864313788,10.726637836279902
219,42428840,42429716,West120thStreet,15.645134730748511,18.221870721009832
220,42443165,42429716,ClaremontAvenue,20.948336850037673,21.11258175487464
221,42443156,42429716,ClaremontAvenue,11.388159179632252,14.689259777486914
222,42429718,42429716,West120thStreet,13.966891893805306,15.94506625093915
223,42428840,42429714,West120thStreet,68.46745932835823,69.27459349769707
224,42442578,42429714,AmsterdamAvenue,9.597566282506596,11.875477004999649
225,42442580,42429714,AmsterdamAvenue,13.626332998522882,15.083454766633556
226,42429712,42429714,West120thStreet,19.791369436619718,22.58867968127489
227,42425127,42438961,5thAvenue,8.269782064671185,16.40247850193886
228,42438963,42438961,East101stStreet,27.431798919597984,39.481979470139215
229,42452994,42451370,MorrisStreet,37.08011646153846,47.86173089108912
230,42421960,42454600,WaterStreet,9.289127402103565,11.302585026186573
231,42429844,42454600,WaterStreet,14.242600262200673,13.797502258575784
232,42421960,42445569,WaterStreet,12.939697626222566,14.284478068858403
233,42433834,42445569,WaterStreet,11.221383076972492,15.73692854372151
234,42421960,42427953,HanoverSquare,16.46949927815411,27.669221707717558
235,42437156,42441257,RiversideDrive,11.012934495247466,11.248674160475485
236,42441263,42441257,RiversideDrive,8.920191935989955,11.696718397440904
237,42437156,42441254,RiversideDrive,23.983604335229103,32.13360512987545
238,42443156,42441254,West119thStreet,12.602715681818182,16.688386283662474
239,42429718,42441254,RiversideDrive,7.93502571608041,9.350445265588911
240,42429507,42437536,BeaverStreet,9.38188931001891,10.777028346296296
241,42431877,42437536,SouthWilliamStreet,28.676342276582872,47.77089431673908
242,42427953,42437536,WilliamStreet,11.259300043679335,15.811618892382127
243,42456197,42433578,PrinceStreet,21.38422319903047,24.940628755095894
244,42433581,42433578,WoosterStreet,33.09803730819247,40.401986362668225
245,42428013,42430075,East75thStreet,50.46858282085564,52.946622179634616
246,42439567,42430075,1stAvenue,10.091756764374693,11.576576723066044
247,42428013,42428014,YorkAvenue,12.869801672492855,13.346303936019455
248,42454701,42428014,East76thStreet,43.56952781320937,49.170494268919924
249,42428015,42428014,YorkAvenue,9.841889982639616,15.236435838389106
250,42428013,42428012,YorkAvenue,10.139897731064169,14.250017036632553
251,42428010,42428012,YorkAvenue,12.665857088911286,13.507306423970315
252,42439567,42428012,East74thStreet,38.66980754582868,53.5947582755151
253,42428014,42428015,YorkAvenue,15.598479263181595,17.426845732602736
254,42428016,42428015,YorkAvenue,11.65010534319102,16.671125218873215
255,42428014,42428013,YorkAvenue,10.561360467998396,16.045924355937558
256,42428012,42428013,YorkAvenue,15.684890003559856,16.59710563893654
257,42432756,42442565,AmsterdamAvenue,9.277427618740912,11.54435674140092
258,42432564,42442445,AmsterdamAvenue,11.766583444462054,12.795538318935547
259,42428640,42442445,West74thStreet,28.66889614819507,27.766578024589485
260,42428391,42428385,Broadway,14.005820501316984,22.30754305301725
261,42440287,42428385,FultonStreet,41.07045072245833,50.625047822061184
262,42430688,42430691,11thAvenue,13.529371013546186,14.126999381870105
263,42430694,42430691,11thAvenue,11.265849910624011,17.707185634713664
264,42430688,42430685,11thAvenue,11.445614716051915,18.296829502793464
265,42430680,42430685,11thAvenue,13.119550700808626,22.22662983183855
266,42430680,42430677,11thAvenue,11.724922669931606,18.119008343840594
267,42435716,42428332,West58thStreet,14.600449608202547,18.633320962980605
268,42439556,42430052,MadisonAvenue,10.479883040296869,12.128209370542939
269,42430056,42430052,East75thStreet,34.11430654536472,41.25762236761402
270,42434226,42444832,AvenueB,21.337319958103627,14.452173973744298
271,42453177,42444832,AvenueB,17.494347115280533,15.903293711072664
272,42444829,42444832,East6thStreet,62.50402339818068,60.62840128278768
273,42434226,42434215,East7thStreet,52.716846306281965,45.01002812653267
274,42444829,42434215,AvenueA,23.892595133079855,20.08986950144927
275,42434148,42434215,AvenueA,23.821233964684623,21.782144731055688
276,42430643,42430639,11thAvenue,9.713244163690817,11.44090025353358
277,42430639,42430643,11thAvenue,14.871532887052341,25.610294722040557
278,42442949,42442948,2ndAvenue,13.443086193687195,17.984318847458862
279,42438300,42458943,RiversideBoulevard,14.910423896435628,14.364325652966757
280,42437845,42458943,RiversideBoulevard,15.5421484338476,18.825107172774864
281,42438300,42438819,West66thStreet,16.764048354804643,19.43675598541862
282,42430989,42438819,West66thStreet,23.39648437627916,24.00370039982985
283,42431257,42446609,10thAvenue,6.390673269916769,7.490264072494664
284,42455705,42446609,10thAvenue,8.254660845070424,8.949039767441858
285,42431252,42446609,PostAvenue,13.470689166666665,14.2924552631579
286,42431257,42431260,West207thStreet,29.44052947552448,37.82220785234899
287,42440499,42431260,9thAvenue,11.84506715686275,16.349191999999995
288,42431262,42431260,West207thStreet,20.75585815068494,24.47463937142857
289,42431257,42431252,West207thStreet,4.332963343558278,6.796657535211266
290,42446609,42431252,PostAvenue,19.007342857142856,16.48477
291,42446604,42431252,PostAvenue,29.98585511627906,33.42222083333334
292,42427870,42431252,West207thStreet,17.987252213114754,26.015075762711852
293,42421982,42421978,West61stStreet,19.736694283687953,24.72897389808919
294,42439486,42435211,MadisonAvenue,8.926163890505151,11.200286191171104
295,42435222,42435211,East119thStreet,23.759938510334987,26.295972559423785
296,42439392,42446031,MadisonAvenue,8.185337320246742,10.399786596356519
297,42448216,42446031,East83rdStreet,36.67210686609688,51.04697781472685
298,42438795,42438791,East73rdStreet,29.293205829990875,34.97535304886199
299,42436477,42438791,MadisonAvenue,10.244046906722208,11.687212687460187
300,42434343,42441771,RiversideDrive,26.57259369426752,15.307415170634913
301,42434343,42439216,RiversideDrive,10.22966881818182,11.563775611814346
302,42441956,42439216,RiversideDrive,7.126275471163751,11.518483913173046
303,42427742,42452117,GrandStreet,22.847955485008804,21.44825251152074
304,42437786,42452117,GrandStreet,9.482063714648296,11.272988108048505
305,42435550,42452117,LewisStreet,33.83030084257204,27.616918179979773
306,42431802,42431797,BleeckerStreet,24.328390092809506,21.49657016433923
307,42431536,42431797,GroveStreet,44.91208898456847,40.253202345195724
308,42454423,42442276,WestBroadway,42.2820253390444,45.20410341681934
309,42436779,42442276,SpringStreet,24.76479856529055,25.203761359014038
310,42432142,42442276,WestBroadway,43.9102359001387,47.95818027736607
311,42454423,42436784,PrinceStreet,21.237815881938555,22.069355532302094
312,42436788,42436784,ThompsonStreet,44.075669875706254,44.31043952493632
313,42431099,42431102,WestEndAvenue,13.832640501292186,16.502122742982117
314,42431104,42431102,WestEndAvenue,11.738988937778881,13.069147095659629
315,42431099,42431096,WestEndAvenue,12.684072141912566,14.099920207656186
316,42425348,42431096,West95thStreet,27.38133864644634,33.80185290437892
317,42431094,42431096,WestEndAvenue,14.823538345715704,15.017758104977126
318,42431037,42441564,West86thStreet,39.5144038294405,42.248346983425385
319,42441569,42441564,RiversideDrive,10.974692243823755,11.798414905846405
320,42434161,42441564,RiversideDrive,9.579617439275417,10.401846782608695
321,42431037,42431039,WestEndAvenue,14.142372555746157,13.880222971029667
322,42431044,42431039,WestEndAvenue,9.917444728967752,11.33647502369524
323,42431037,42431034,WestEndAvenue,11.295798944425568,13.203200271531127
324,42421810,42431034,WestEndAvenue,11.036667829397675,11.842947183376017
325,42431019,42428068,WestEndAvenue,12.239449801604051,15.12391284476761
326,42431015,42428068,WestEndAvenue,14.009566919835676,15.423918855063615
327,42428072,42428068,West78thStreet,20.397848673279604,22.54808698876405
328,42431019,42422592,West79thStreet,26.33742827235497,30.778221730794893
329,42428072,42422592,RiversideDrive,13.423413812477213,14.268921111111116
330,42422366,42422592,West79thStreet,14.499388230696347,19.92934106505772
331,42421778,42422592,RiversideDrive,10.318353470383279,13.456833227241518
332,42431019,42421776,WestEndAvenue,14.352125682252927,16.617655216470087
333,42431024,42421776,WestEndAvenue,12.449319018365545,15.282184826645265
334,42421778,42421776,West80thStreet,15.176142710716164,16.82288900141243
335,42428124,42444097,West181stStreet,12.183075513392858,21.310598187633268
336,42428103,42444097,PinehurstAvenue,21.34787940425532,28.08569542682926
337,42427190,42444097,West181stStreet,10.275270550077838,14.362222909647768
338,42428124,42428130,CabriniBoulevard,58.809212790697615,84.04136463620979
339,42440083,42428130,West186thStreet,16.36808369369369,22.773837352941168
340,42428124,42428107,CabriniBoulevard,21.64525055944056,26.344582262773727
341,42454893,42454970,FortTryonPlace,12.970653061224489,21.131356
342,42438487,42446026,MadisonAvenue,8.45833775705157,10.654147719626872
343,42452954,42446026,East81stStreet,35.47848955665025,45.354746560435295
344,42432108,42437996,AllenStreet,35.52921631347788,43.42131744186047
345,42452076,42437996,GrandStreet,15.35833113841298,15.430356455992506
346,42437965,42437996,AllenStreet,27.78532740564719,35.497845883489816
347,42429643,42437996,GrandStreet,29.52010648609079,28.39926715832207
348,42432108,42432103,BroomeStreet,15.203373595686324,15.9025787739657
349,42452076,42432103,OrchardStreet,21.868542095671984,23.562908127936378
350,42432111,42429644,BroomeStreet,13.74682293497026,14.618865899437852
351,42429643,42429644,EldridgeStreet,21.506727428242797,19.93988686172487
352,42432103,42432102,BroomeStreet,11.903074814851385,11.545613612322779
353,42429769,42432102,LudlowStreet,42.8080048958795,45.30603749474568
354,42432094,42432095,BroomeStreet,22.46899142195768,20.989732877906977
355,42432094,42432091,BroomeStreet,25.499730528052808,26.646986159695807
356,42435534,42432091,RidgeStreet,11.034757236238526,13.807049165628893
357,42453327,42445505,JerseyStreet,9.472422223312881,10.050675910470414
358,42445498,42445505,LafayetteStreet,18.792285977304005,20.725884632260698
359,42435485,42445505,JerseyStreet,10.341808000610033,9.374884582378664
360,42429184,42431180,DonganPlace,14.25850163265307,15.087341176470588
361,42429211,42431180,ArdenStreet,19.560003172413797,29.2577425
362,42429184,42429211,Broadway,8.393951010351966,9.470663976377956
363,42431000,42442422,West70thStreet,65.09144598070739,72.59737365861315
364,42431000,42438832,West70thStreet,32.52940092547278,37.43244785806455
365,42438825,42438832,FreedomPlace,12.171975583815026,13.449440903790093
366,42438306,42438832,West70thStreet,19.728732526670413,22.82843921063396
367,42431000,42431002,WestEndAvenue,12.151054389935654,11.923906539198914
368,42431004,42431002,WestEndAvenue,14.19881988297816,20.304301322538926
369,42430989,42430985,WestEndAvenue,14.26111711857484,19.928225589144233
370,42430984,42430985,WestEndAvenue,12.047632572900806,11.577472008384145
371,42453610,42453613,EastHoustonStreet,51.777304464065686,46.301705923529404
372,42437354,42453613,AvenueD,17.0584148485253,13.315131913125086
373,42437118,42453613,ColumbiaStreet,29.29178469812277,47.712258637992846
374,42453610,42453607,East2ndStreet,47.35421288291833,39.11168321380346
375,42437346,42453607,AvenueB,28.306572552894224,22.3782156235187
376,42453610,42437349,AvenueC,21.064959571428567,17.55288486795382
377,42455175,42437349,AvenueC,19.657540666375986,13.47971549445812
378,42437354,42437349,East3rdStreet,35.334394241475295,39.40386488014472
379,42453607,42453604,East2ndStreet,49.244898741794316,46.56864519796158
380,42437343,42453604,AvenueA,32.333041148825075,31.64013090088056
381,42453607,42437346,AvenueB,27.13679638346315,23.93095002618782
382,42455083,42437346,AvenueB,25.64793267912577,22.171108485576926
383,42437349,42437346,East3rdStreet,47.05455942115177,38.8070008541572
384,42439873,42439878,AdamClaytonPowellJr.Boulevard,13.78094139178619,15.731537475888018
385,42439873,42439868,AdamClaytonPowellJr.Boulevard,12.870947990708485,15.876473396739133
386,42459820,42448483,GoldStreet,7.197802717303008,9.448619061428944
387,42459820,42427242,GoldStreet,11.318145060744984,15.785869058665185
388,42459579,42453080,BeekmanPlace,17.962118452444905,12.953422165963433
389,42459579,42440476,BeekmanPlace,28.600719773519177,10.976554704135733
390,42429023,42429017,Broadway,8.2822012704918,10.357598953488369
391,42429013,42429017,Broadway,5.3695872464859455,8.280251759681091
392,42429023,42428094,Broadway,6.1086750234224345,9.579076101511882
393,42427185,42428094,West180thStreet,25.062858467153283,39.7809114624506
394,42429029,42428094,Broadway,10.327386823266217,14.101051164179097
395,42429017,42429023,Broadway,5.144791740756724,8.491057666666665
396,42428094,42429023,Broadway,9.61158616407982,13.004313536231885
397,42429017,42429013,Broadway,8.247731841186743,10.192556159317217
398,42449631,42429013,West177thStreet,12.783210757575755,22.21893429223745
399,42429006,42429013,Broadway,4.8915835639971,7.953190151269585
400,42459493,42453398,BarclayStreet,21.285842915457447,28.675950889614253
401,42453395,42453398,WestStreet,11.511746474912588,15.029253249857225
402,42459436,42453472,BethuneStreet,26.089246215504623,27.00843084891166
403,42440946,42453472,WestStreet,12.815797148571018,14.981188095763178
404,42459436,42440943,WashingtonStreet,17.465303481347085,17.420644973722354
405,42440946,42440943,BankStreet,22.404654015913266,19.673994980924114
406,42429998,42439454,ColumbusAvenue,14.091151698779957,18.837934587852928
407,42435264,42439454,West66thStreet,47.609216145455655,62.81083295105934
408,42459636,42442939,East43rdStreet,33.06735158331295,40.442919879197895
409,42442943,42442939,2ndAvenue,13.067206811598446,16.999311026084715
410,42435714,42435716,8thAvenue,20.497789985771686,24.661185900275324
411,42445039,42435716,West58thStreet,62.63521181783616,76.30893446069084
412,42435714,42428329,West57thStreet,20.630522043201942,31.065853156686163
413,42440022,42428329,West57thStreet,46.79826521675066,53.154332430604704
414,42428332,42428329,Broadway,22.01925828585605,31.09853835444872
415,42437428,42447230,ParkAvenue,13.017656672976244,21.457018065109068
416,42447069,42447230,East66thStreet,35.61797911993099,40.97713731729508
417,42437428,42437425,East67thStreet,34.051792300199445,36.096864003361546
418,42445976,42437425,MadisonAvenue,10.215836493366485,12.170575140471904
419,42430664,42448996,West40thStreet,65.79755281742125,93.72353842832464
420,42440697,42432066,LudlowStreet,57.96998207450284,50.30080704879941
421,42432063,42432066,StantonStreet,26.584172083553646,23.28514123419628
422,42459180,42446147,East109thStreet,31.346616671602,39.812730903104416
423,42436640,42446147,MadisonAvenue,9.09687463591535,11.405066754371473
424,42458663,42458670,HenryHudsonParkway,24.92896543478261,27.92371736842105
425,42458659,42458663,HenryHudsonParkway,125.38737073170729,168.35189000000003
426,42458960,42447176,East100thStreet,22.194744254016843,24.27695766478344
427,42438949,42447176,LexingtonAvenue,7.2905216158168,10.91761707822599
428,42458960,42438947,ParkAvenue,10.710311656365878,12.55110432210836
429,42438949,42438947,East101stStreet,25.024465838006225,34.04609158949551
430,42458728,42453354,IshamStreet,18.513214285714284,24.159215625
431,42431234,42453354,CooperStreet,13.742232354651167,16.764389804878043
432,42429226,42453354,IshamStreet,13.16241290502794,14.272930900900905
433,42458728,42431230,SeamanAvenue,19.92238210526316,26.567865714285716
434,42453669,42431230,SeamanAvenue,9.60524065333334,14.460821130952395
435,42431234,42431230,West207thStreet,12.162188321678324,14.473065098039221
436,42458728,42429946,SeamanAvenue,16.97509628463476,24.02748504531721
437,42454538,42429946,SeamanAvenue,15.208220227272722,13.429041578947368
438,42432882,42429946,West214thStreet,19.667333333333332,19.04669
439,42453545,42437379,12thAvenue,9.90768620848148,16.56422254273842
440,42430673,42437379,West42ndStreet,46.43080812574928,70.76821577017105
441,42436913,42446021,MadisonAvenue,10.806082497596886,12.616895343523245
442,42427846,42443524,EllwoodStreet,30.750455072463765,32.063955384615376
443,42429174,42443524,West196thStreet,23.15594056603773,32.74355562499999
444,42427846,42429174,Broadway,16.505892564102574,18.903301589595387
445,42443524,42429174,West196thStreet,19.299656,41.856825
446,42421783,42429174,Broadway,6.169916811414393,7.278940518902887
447,42427846,42427849,ShermanAvenue,5.00694059130435,7.849737024390245
448,42448930,42427849,SicklesStreet,31.19194833333333,40.90879
449,42427852,42427849,ShermanAvenue,12.864865693430662,17.136899115044255
450,42428090,42444069,WadsworthAvenue,8.018397492711369,13.820014745308304
451,42449639,42444069,WadsworthAvenue,13.466719531249998,14.92245107142857
452,42433066,42444069,West181stStreet,8.97616769791161,13.565120000000006
453,42429029,42444069,West181stStreet,11.316381563467493,15.793334701754382
454,42428082,42444060,AudubonAvenue,11.449321461538462,19.39987650887574
455,42454368,42444060,AudubonAvenue,11.177924571428573,15.177266521739133
456,42433066,42444060,West181stStreet,18.413050610687023,19.461440473372786
457,42428082,42428080,West180thStreet,19.47487982378855,22.998339743589746
458,42458766,42446036,East85thStreet,33.33519569111186,40.467049369690855
459,42435499,42446036,MadisonAvenue,8.979161332537636,11.764206453743878
460,42458766,42429330,ParkAvenue,12.092503242399461,14.394108265623386
461,42454192,42429330,ParkAvenue,14.032729926025555,15.512013387313647
462,42429334,42429330,East86thStreet,33.9365042691711,42.59674007359958
463,42429324,42429330,East86thStreet,27.127765762170785,36.29752409633892
464,42458943,42438300,RiversideBoulevard,18.29401125798721,18.219674897677322
465,42438819,42438300,West66thStreet,15.846466070653857,16.561753949806313
466,42458943,42437845,RiversideBoulevard,16.142331344186047,14.972063648948906
467,42438304,42437845,RiversideBoulevard,14.773227368554082,16.457681223170407
468,42436610,42446132,MadisonAvenue,8.716567648223027,10.225563472931553
469,42456708,42446132,East105thStreet,25.379848967551627,34.29599547846889
470,42446021,42438487,MadisonAvenue,9.996645981821736,12.449314035695286
471,42438485,42438487,East80thStreet,23.678179940629846,42.0488245934153
472,42436514,42455113,ParkAvenue,16.690838852516514,26.587182865049922
473,42447020,42455113,East60thStreet,51.11746959836864,75.49514535621248
474,42436514,42436511,East61stStreet,42.71433612149533,50.13063308825655
475,42445953,42436511,MadisonAvenue,11.293209960155535,17.034750504054074
476,42458267,42453327,CrosbyStreet,31.06980803106631,34.29352703771207
477,42445505,42453327,JerseyStreet,7.710010864074774,8.098042333514991
478,42458267,42428444,PrinceStreet,25.417682665892936,35.10043108742004
479,42428447,42428444,Broadway,39.413829399804136,52.079208812278935
480,42458936,42430023,PinehurstAvenue,5.546616564245812,12.34894851485149
481,42436832,42430023,West176thStreet,16.500794225352106,22.39941
482,42458936,42428114,West177thStreet,9.154844759124092,10.876671364985166
483,42458034,42457940,FDRDrive,10.15246603857567,23.625065007511264
484,42457925,42457940,FDRDrive,11.585870602684087,18.164668982355124
485,42428746,42442561,West104thStreet,50.10101460324053,50.580482568081074
486,42442559,42442561,AmsterdamAvenue,8.805367256201817,10.224997038387189
487,42428737,42442557,West102ndStreet,33.820031837742505,36.43729028712429
488,42442555,42442557,AmsterdamAvenue,8.831088435256378,10.172194957919778
489,42428725,42442552,West100thStreet,45.880558401048496,45.68067985148517
490,42442549,42442552,AmsterdamAvenue,9.508127760229037,11.120240497619813
491,42428720,42433252,West98thStreet,21.26238134093112,32.10520891947695
492,42442542,42433252,AmsterdamAvenue,9.388018516612217,11.03843515005057
493,42428711,42442528,West95thStreet,31.506045514569134,36.64821019889969
494,42443373,42442528,West95thStreet,43.73381024894066,51.69116311382345
495,42436990,42442528,AmsterdamAvenue,8.691564379791117,10.09137676741075
496,42428711,42428709,Broadway,14.638927642735414,15.879569996428776
497,42431094,42428709,West94thStreet,26.78201253193429,34.577764924944105
498,42428709,42436990,West94thStreet,38.54174088966589,40.33110469981376
499,42442514,42436990,AmsterdamAvenue,8.762622988934082,10.065854428110654
500,42428709,42428711,Broadway,13.81747711621856,15.890916581544532
501,42431096,42428711,West95thStreet,23.21495674616694,32.50000575368523
502,42428701,42442502,West92ndStreet,42.050774847271974,41.30027428618314
503,42442492,42442502,AmsterdamAvenue,8.814926513104592,10.304012340395236
504,42428689,42437052,West90thStreet,42.7250017554299,41.676312925060415
505,42422000,42437052,AmsterdamAvenue,9.153877525586477,10.726901865860183
506,42428661,42433567,West82ndStreet,41.679687427563636,51.84196665717133
507,42442469,42433567,AmsterdamAvenue,9.449161504042166,10.388251596633264
508,42442710,42455238,West168thStreet,23.060012115384612,28.557374838709674
509,42447418,42455238,AudubonAvenue,10.137319599999998,13.96187044776119
510,42432226,42455238,AudubonAvenue,6.105893479532165,13.863338133802811
511,42428978,42455238,West168thStreet,18.120206829268295,25.145507024793396
512,42442710,42442717,AmsterdamAvenue,7.322750751978888,14.355126728232186
513,42435198,42442717,AmsterdamAvenue,9.76366177083333,12.490049849624054
514,42442710,42439362,West168thStreet,14.4475875,31.17842857142858
515,42432220,42439362,JumelPlace,17.201890779220786,17.722004962962956
516,42442703,42439730,West166thStreet,22.28273333333333,38.03944785714286
517,42432220,42439730,West167thStreet,9.27647777777778,11.815719655172416
518,42437316,42439730,EdgecombeAvenue,13.910413017241385,15.551662450592891
519,42435197,42439730,EdgecombeAvenue,36.600609523809524,40.35971176470589
520,42442703,42437319,AmsterdamAvenue,11.379713370165744,13.727968370370373
521,42442697,42437319,AmsterdamAvenue,7.258238920454548,16.84591819577735
522,42437316,42437319,West165thStreet,23.06048250000001,38.40587297297297
523,42433027,42437319,West165thStreet,24.73505449152541,24.219389139784933
524,42428645,42442459,West76thStreet,39.09909894104015,38.565242054840326
525,42442451,42442459,AmsterdamAvenue,10.682202503787137,11.56416019130486
526,42429773,42437084,EssexStreet,60.26317940943324,48.33715021318471
527,42432068,42437084,EssexStreet,39.826383756779926,40.72329900237137
528,42437082,42437084,RivingtonStreet,22.70550865979383,21.806661308813787
529,42429773,42432099,EssexStreet,32.03610335677277,30.85089778445683
530,42452084,42432099,EssexStreet,22.498082069345074,25.82394066694808
531,42432102,42432099,BroomeStreet,9.45635578409091,10.07141553728381
532,42429773,42429769,DelanceyStreet,18.94740158237369,21.108099235278253
533,42437096,42429769,LudlowStreet,32.20305357644184,35.05155798557309
534,42428601,42443326,West68thStreet,31.553499708634373,33.93028978453105
535,42443329,42443326,ColumbusAvenue,12.82292826678614,16.460565737433804
536,42428590,42435261,West65thStreet,52.63539777036964,70.3095784032053
537,42435264,42435261,CentralParkWest,14.689835855398686,20.840867588962773
538,42435257,42435261,CentralParkWest,14.831891421137223,16.743194932390256
539,42428590,42428588,ColumbusAvenue,10.024538905270596,11.966985162566896
540,42428583,42428590,Broadway,22.174315646523453,24.375761424619174
541,42442415,42428590,West65thStreet,47.24513534616982,56.81946296826735
542,42439454,42428590,ColumbusAvenue,14.300602231296294,19.979050870227578
543,42458112,42446152,East111thStreet,37.8239822031746,43.01900477471421
544,42434377,42446152,MadisonAvenue,9.940670906479491,12.103590490483153
545,42457821,42453700,PikeStreet,24.880469801769518,22.832082670881732
546,42440679,42453700,DivisionStreet,22.822738312849165,17.081700192510556
547,42437990,42453700,AllenStreet,20.075165724137953,23.03004778436455
548,42457821,42435922,PikeStreet,20.888304467613114,23.973795733896534
549,42437760,42435922,PikeStreet,19.732625328762094,21.80906495661846
550,42457821,42433547,EastBroadway,32.57262335677902,41.638759520362
551,42440785,42433547,RutgersStreet,10.895644148808088,11.50992123630673
552,42435923,42433547,RutgersStreet,23.266314105318305,25.05183751245687
553,42433549,42433547,EastBroadway,9.227817696750895,9.993072858592694
554,42457821,42433542,EastBroadway,17.534144118800775,16.83537242157793
555,42433539,42433542,EastBroadway,14.069365807296732,14.826615482096225
556,42429636,42433542,ForsythStreet,14.581894086556867,17.01209386822529
557,42429769,42429773,DelanceyStreet,12.373981008805401,14.441284497097906
558,42437084,42429773,EssexStreet,33.12439636243587,39.662218627812926
559,42432099,42429773,EssexStreet,23.150764326347318,23.078629234731423
560,42429754,42437113,ChrystieStreet,34.560821951147425,36.948371842814154
561,42432083,42437113,ChrystieStreet,36.390328919039156,36.45117709557467
562,42429754,42432085,ChrystieStreet,24.936399932918057,29.93493404418533
563,42452067,42432085,ChrystieStreet,30.13222020409912,31.376861473433355
564,42457728,42452598,West4thStreet,26.165757092387853,21.15618203955502
565,42433269,42452598,CharlesStreet,37.42622983508844,28.100169803129745
566,42457728,42430811,West10thStreet,20.700215330122415,19.22618669976989
567,42433269,42430811,7thAvenueSouth,18.604360042391832,15.795368862319975
568,42457940,42445392,FDRDrive,34.56774791346679,56.33089781674318
569,42445390,42445392,East34thStreet,18.56281268945977,24.82838971090141
570,42427185,42427190,FortWashingtonAvenue,10.563500393365935,16.859948566384176
571,42444097,42427190,West181stStreet,12.549803576309802,22.56569103157896
572,42430951,42427190,West181stStreet,6.941056038266736,10.786943019431982
573,42427196,42427190,FortWashingtonAvenue,30.95935752688169,35.66282702531645
574,42427168,42458936,West177thStreet,8.391104167758847,14.359342547945205
575,42427168,42427164,FortWashingtonAvenue,9.554089355509355,10.5418825
576,42430023,42427164,West176thStreet,8.061624670329666,15.871227264957271
577,42427159,42427164,FortWashingtonAvenue,5.136498445792267,9.62716838781575
578,42429644,42432108,BroomeStreet,16.841797790660227,17.69181558480506
579,42437996,42432108,AllenStreet,22.458515196304845,25.239036561458107
580,42428065,42428063,West78thStreet,38.21879855017921,40.41072428856263
581,42438862,42428063,AmsterdamAvenue,10.62851910342516,11.603732544038634
582,42457426,42452610,WashingtonStreet,12.714248447516955,14.25945016937409
583,42436135,42452610,CharlesStreet,30.95368196090957,29.823997495376787
584,42457426,42436139,PerryStreet,30.455636194180325,25.976253217465025
585,42436135,42436139,GreenwichStreet,17.397795068920672,14.686600925596904
586,42457282,42453638,BeakStreet,9.564777333333334,17.55977958333333
587,42453669,42453638,PaysonAvenue,75.89252222222223,72.26984999999998
588,42457282,42445640,SeamanAvenue,4.62879000974659,6.968759542743536
589,42455509,42445640,SeamanAvenue,26.442504545454543,30.833573461538467
590,42445637,42445640,AcademyStreet,12.354284571428574,13.88115413043478
591,42457282,42440079,SeamanAvenue,7.601448181818182,9.012272666666666
592,42432799,42440079,SeamanAvenue,8.77606701320132,14.024239877408053
593,42429216,42440079,CummingStreet,30.77052222222222,32.475248965517245
594,42457421,42449076,West4thStreet,24.294846290089545,19.491944591125765
595,42433275,42449076,West11thStreet,37.78910225005957,32.35133473043005
596,42457421,42433272,PerryStreet,42.53726453186536,37.292812312672154
597,42433275,42433272,WaverlyPlace,19.8153321930209,14.228064653575986
598,42430828,42433272,7thAvenueSouth,20.64035375242845,16.823241036520468
599,42457735,42436894,WashingtonStreet,13.008338177012364,15.242916409061074
600,42436903,42436894,ChristopherStreet,18.180324707419786,16.38865957868925
601,42436129,42436894,ChristopherStreet,29.75345842089311,29.844455455821986
602,42457735,42436134,West10thStreet,24.397277865306144,20.101971414141413
603,42436129,42436134,GreenwichStreet,23.34723193623516,18.59155138657612
604,42435392,42435388,East115thStreet,28.213035668465203,33.25574489080079
605,42446155,42435388,MadisonAvenue,24.03836167026595,29.378486946636105
606,42456961,42455897,East25thStreet,30.619178157338208,35.542328821850965
607,42436598,42455897,1stAvenue,9.923662551827071,12.490574026394755
608,42456961,42448711,AsserLevyPlace,20.25552893088997,18.30018777083676
609,42448707,42448711,East23rdStreet,47.91136137237747,54.44433791252962
610,42457292,42444271,BeekmanStreet,7.078628844647518,9.140614178051342
611,42433229,42444271,PearlStreet,17.147805523783582,17.275911136888713
612,42440270,42444271,PearlStreet,11.51481369201326,13.985343992068243
613,42457292,42433205,WaterStreet,14.737764044526898,15.331539708222818
614,42433229,42433205,PeckSlip,11.441078271488953,12.717115983553347
615,42433237,42433205,PeckSlip,9.78260574870912,9.686056288481497
616,42456986,42453442,LeroyStreet,16.338626354922063,19.388791366360852
617,42456986,42440527,WashingtonStreet,18.80681915035673,23.948708142611423
618,42428480,42428476,Broadway,20.049583047571613,17.93780229844672
619,42445558,42428476,WanamakerPlace,43.68775153461816,40.79386503208292
620,42434894,42430477,ParkAvenue,11.603466516626122,15.590686519572953
621,42438947,42430477,ParkAvenue,14.311506397567053,17.542852441221708
622,42430479,42430477,East102ndStreet,28.267529461077856,36.162716903553296
623,42456831,42447346,5thAvenue,22.19780147942157,24.608255527950316
624,42447348,42447346,West141stStreet,18.535921612903234,29.196753220338987
625,42424235,42447346,5thAvenue,11.550158755555561,10.07367414893617
626,42456831,42440376,West139thStreet,47.39779620991254,54.93873321167885
627,42445587,42440376,MalcolmXBoulevard,16.732069637760702,19.345904973841566
628,42433779,42440376,MalcolmXBoulevard,14.652775132575753,18.024261996434934
629,42456831,42435953,5thAvenue,11.884286729411773,15.264442710280369
630,42445585,42435953,5thAvenue,12.946711076878787,16.72254738179668
631,42457209,42430983,West63rdStreet,41.32211680769235,45.76400375000005
632,42430984,42430983,WestEndAvenue,11.409141476683462,16.027439575425415
633,42430981,42430983,WestEndAvenue,13.865813139379785,12.731022975746688
634,42456708,42436604,5thAvenue,8.258808400000005,13.505501883985401
635,42431102,42431104,WestEndAvenue,13.213912058527214,14.2965821652981
636,42433256,42431104,West98thStreet,16.658253104072394,20.276496568386566
637,42431106,42431104,WestEndAvenue,11.613097946288981,13.011502786294631
638,42431102,42431099,WestEndAvenue,13.55569794504364,14.520251057106902
639,42431096,42431099,WestEndAvenue,17.414653057812856,15.263714950044074
640,42456683,42445961,East62ndStreet,30.54129867730033,35.948683019616965
641,42436511,42445961,MadisonAvenue,11.235751010752358,16.299588364526993
642,42456683,42436510,5thAvenue,11.44967297321488,23.157002310849577
643,42436511,42436510,East61stStreet,50.39582407343972,62.452713420952136
644,42456568,42449308,ParkAvenueSouth,15.784451650783437,19.735838288919343
645,42445899,42449308,East32ndStreet,51.92021415030116,58.927416949933736
646,42456568,42445896,East31stStreet,53.89966953287134,68.88648756890711
647,42445404,42445896,MadisonAvenue,15.253212169270046,21.24983957743988
648,42456568,42445409,ParkAvenueSouth,14.940134094032024,13.885626887032327
649,42445404,42445409,East30thStreet,54.342599777757215,57.32949791291831
650,42436748,42445409,ParkAvenueSouth,16.032841300329373,19.81703898292163
651,42456336,42456335,GustaveL.LevyPlace,22.38315952380953,31.99143940476192
652,42438961,42456335,5thAvenue,7.9547810792695905,15.063314312861335
653,42456335,42456336,GustaveL.LevyPlace,14.294921904761901,19.689275581395346
654,42456335,42453575,5thAvenue,15.379899405122949,28.3915700367129
655,42456303,42456211,East8thStreet,21.719607045267736,21.485034511302477
656,42433295,42456211,GreeneStreet,19.358144309954763,17.104609036625583
657,42456303,42449045,UniversityPlace,15.463339546799858,16.667632166120647
658,42428476,42449045,East9thStreet,77.13500831027442,73.5153707769709
659,42456555,42445879,East25thStreet,37.64465940115723,37.93409316134121
660,42436575,42445879,MadisonAvenue,14.74829182524328,18.76855846217252
661,42456555,42436578,ParkAvenueSouth,15.56985707828018,14.305424140211036
662,42448693,42436578,ParkAvenueSouth,21.0149162306576,24.14892968538373
663,42436575,42436578,East24thStreet,35.77348580125135,36.78221138357607
664,42456555,42429888,ParkAvenueSouth,18.059531658367387,21.129520155962275
665,42454522,42429888,ParkAvenueSouth,14.880357786409734,13.499528869970431
666,42429876,42429888,East26thStreet,45.49365803502846,47.5758121585836
667,42456575,42444809,5thAvenue,8.511113546192094,12.395794374810052
668,42456205,42456206,GreeneStreet,13.865065167772856,15.107294063448279
669,42449582,42456206,WashingtonPlace,18.931773821677155,17.513534239910665
670,42456205,42449580,West4thStreet,25.91974672693208,26.148739279327017
671,42449582,42449580,MercerStreet,16.70667670260357,18.727229598686613
672,42442117,42445215,West121stStreet,17.480121050761422,20.736846929933428
673,42453236,42445215,LenoxAvenue,16.541196061855675,18.10019106252136
674,42429727,42445215,LenoxAvenue,13.868570577817133,16.722083855271368
675,42456711,42436637,5thAvenue,14.709950878443465,18.280860088992625
676,42434377,42432376,East110thStreet,20.278642917883808,26.939574748717963
677,42432395,42432376,FrawleyCircle,16.190602560975616,21.946265582822093
678,42455934,42459579,East50thStreet,35.034935649900405,15.913164114466579
679,42453080,42459579,BeekmanPlace,16.332136350364966,19.798442538461547
680,42440476,42459579,BeekmanPlace,16.535909375,29.541346428571444
681,42455934,42440469,1stAvenue,11.546643841495774,18.33914639381849
682,42440476,42440469,East51stStreet,39.89489805785122,11.4269733131466
683,42456206,42449817,WashingtonPlace,21.06406784096502,19.875244828632624
684,42433587,42449817,WashingtonSquareEast,15.738767112274024,15.62862102016954
685,42456206,42433295,GreeneStreet,11.794427819319644,10.61959641044412
686,42433298,42433295,WaverlyPlace,22.72858758770597,21.624698185175184
687,42456211,42449589,East8thStreet,22.974210798138195,22.811556002496253
688,42456543,42439203,ParkAvenueSouth,19.580197079239664,20.479648634290548
689,42453310,42439203,ParkAvenueSouth,16.74703755058546,15.491566766913591
690,42428183,42439203,East20thStreet,60.364973294068136,65.87750379714655
691,42456543,42437280,ParkAvenueSouth,17.053570328695802,15.046370584805267
692,42437021,42437280,ParkAvenueSouth,20.827405333124865,21.434201558299534
693,42428174,42437280,East18thStreet,57.80969106094473,64.17970986279894
694,42456543,42428179,East19thStreet,58.725186352048595,62.33074850609753
695,42428183,42428179,Broadway,14.801729277721146,12.68325647713449
696,42456041,42454660,East58thStreet,43.060353886010354,42.30921944244604
697,42448423,42454660,SuttonSquare,10.474091725352118,12.853316565164429
698,42448329,42454660,SuttonPlace,18.36741532175033,20.232292516545602
699,42432875,42454660,SuttonPlace,19.772245245636725,19.65784469800905
700,42456041,42448326,1stAvenue,9.953332594003392,15.408243211112302
701,42448329,42448326,East59thStreet,40.19615335873552,41.685183457916864
702,42456297,42446622,TrinityPlace,15.531827830929155,27.239768139226502
703,42436181,42446622,RectorStreet,13.47972475754135,21.152048704329147
704,42456297,42436178,EdgarStreet,7.2930642307692315,10.07703125
705,42436181,42436178,GreenwichStreet,18.803126519756837,24.482949408945675
706,42424521,42436178,GreenwichStreet,9.336281166666668,11.352906564245806
707,42456101,42450468,1stAvenue,8.569293807980447,10.559035497065542
708,42443068,42450468,East106thStreet,41.76056549239392,49.146697388535
709,42433513,42450468,East106thStreet,18.37496560238717,20.72479561953727
710,42456101,42443066,East105thStreet,28.931063491360213,34.05929726953671
711,42436627,42443066,2ndAvenue,12.907834670069267,13.573110608695659
712,42456115,42449843,1stAvenue,8.712386591067691,12.311489899325766
713,42448283,42449843,East117thStreet,55.29607709923663,44.88407830028329
714,42456115,42448278,East116thStreet,24.7533072271914,34.264868850480646
715,42448283,42448278,PleasantAvenue,15.253334397522528,19.33616611438476
716,42435403,42448278,PleasantAvenue,9.227932744708994,9.705368681626931
717,42424117,42448278,East116thStreet,13.86642338489535,14.917755594227511
718,42456115,42443085,East116thStreet,28.55718419910657,32.91884638766519
719,42450071,42443085,East116thStreet,53.46612872505538,64.31421273662555
720,42435398,42443085,2ndAvenue,10.147327928606122,12.127047157730358
721,42456110,42449427,1stAvenue,7.663143475849089,9.762399336666483
722,42443078,42449427,East112thStreet,38.56675352453792,42.31229214932127
723,42456110,42443077,East111thStreet,34.29479047619048,35.18890378176382
724,42434386,42443077,2ndAvenue,10.736480633635992,11.130663839518222
725,42456084,42449010,1stAvenue,8.991514253274213,11.360520626148679
726,42443056,42449010,East97thStreet,49.126830227497514,49.122284055118115
727,42433385,42449010,East97thStreet,5.766203526557713,5.782302142202437
728,42456084,42443054,East96thStreet,22.20142622627996,26.43358210636667
729,42450044,42443054,East96thStreet,44.244122884954926,56.58114711663265
730,42443056,42443054,2ndAvenue,8.526792925018025,11.971046769099654
731,42456084,42433404,East96thStreet,8.566396818706927,13.637001921819392
732,42433385,42433404,FDRDrive,4.402130235875823,5.8873065549321115
733,42456076,42448745,1stAvenue,9.182022171574316,11.628748110480537
734,42443048,42448745,East92ndStreet,47.45884673818889,62.08077195637472
735,42456076,42443046,East91stStreet,36.806735973112744,49.981533370703936
736,42443048,42443046,2ndAvenue,10.367909936785614,10.397260321255231
737,42455867,42455051,East4thStreet,69.77910353793524,62.45690087434589
738,42453175,42455051,AvenueA,25.519354127536012,24.12834727654823
739,42437343,42455051,AvenueA,18.990495187982017,15.888925022709051
740,42455867,42453166,1stAvenue,14.732949102858852,12.483627407306859
741,42448257,42439416,EastEndAvenue,8.014345879819428,10.439999579699009
742,42451754,42439416,EastEndAvenue,18.760373464663875,17.93260376219228
743,42428027,42439416,East82ndStreet,48.746486747141,46.441087735208505
744,42448257,42435522,EastEndAvenue,14.88118292729592,16.582321740024675
745,42451766,42435522,EastEndAvenue,8.769077815530437,12.28837971579014
746,42428032,42435522,East84thStreet,45.14021081513054,52.461941936353846
747,42448257,42428029,East83rdStreet,61.58484182825482,59.97334013967409
748,42428027,42428029,YorkAvenue,15.175668940186634,16.284735419011184
749,42428032,42428029,YorkAvenue,10.014514946654641,12.634933119933553
750,42456464,42436377,SaintLukesPlace,27.53819566906756,27.48415817120625
751,42436374,42436377,HudsonStreet,12.09161552759082,12.379904674442225
752,42455929,42450809,East42ndStreet,23.651599704782683,30.513162064792986
753,42424183,42450809,FDRDrive,42.58745223908368,58.06639759689827
754,42455929,42442937,East42ndStreet,40.77311942303343,49.562910938767246
755,42449945,42442937,East42ndStreet,55.61596433888321,62.15620978579134
756,42442939,42442937,2ndAvenue,13.870760342121985,18.392522202613282
757,42456132,42444461,1stAvenue,10.400824626006905,13.810936802900455
758,42443116,42444461,East125thStreet,38.779332532621595,49.252395993836615
759,42438084,42444461,1stAvenue,9.443195559012546,17.14312085606927
760,42456132,42423189,East126thStreet,15.913629104060485,28.75320820224718
761,42443118,42423189,2ndAvenue,9.286761390909088,15.139244837837849
762,42434077,42443811,VanderbiltAvenue,12.57820206568301,19.633942690582973
763,42434077,42443810,VanderbiltAvenue,20.76368470351619,33.029771765156
764,42444049,42443810,East45thStreet,61.36737548229618,97.13135201265763
765,42443807,42443810,VanderbiltAvenue,23.05109090123205,31.763239434491968
766,42455963,42448390,1stAvenue,10.173280455833208,17.172557352883253
767,42448406,42448390,East55thStreet,56.22598204983547,58.532549499857105
768,42455963,42440565,East54thStreet,55.213540905459396,57.00432120209056
769,42448406,42440565,SuttonPlaceSouth,17.985000353982308,18.291556504118628
770,42456107,42443072,East109thStreet,31.375972209386287,38.70703838183937
771,42436651,42443072,2ndAvenue,9.1923988250715,10.524840228917695
772,42456107,42434389,1stAvenue,7.513910103819178,9.294631940398833
773,42434386,42434389,East110thStreet,41.311485123010115,38.982190224266795
774,42456066,42443037,East85thStreet,40.86064820205982,50.73077215384613
775,42429340,42443037,2ndAvenue,13.232677137723265,14.477214078801033
776,42456066,42429342,1stAvenue,9.837381729376686,11.922168346624398
777,42429340,42429342,East86thStreet,57.8791142125581,65.26361541148457
778,42428037,42429342,East86thStreet,56.0951252911813,57.37983524540986
779,42455761,42452365,10thAvenue,9.81116914837748,13.039186063318482
780,42445020,42452365,West47thStreet,73.2482653243183,75.82537982046873
781,42455761,42445018,West46thStreet,69.15630853897127,111.69074330322763
782,42445020,42445018,9thAvenue,18.100223903625146,37.18994519196506
783,42456060,42443027,East79thStreet,45.10787932393274,56.255170840490216
784,42450015,42443027,East79thStreet,47.257047265071286,53.23054180827435
785,42438506,42443027,2ndAvenue,13.252994102238908,16.188682030686984
786,42456060,42438509,1stAvenue,10.61510125884156,12.079775774086965
787,42438506,42438509,East80thStreet,46.18954709216366,52.85086887194662
788,42456060,42428020,East79thStreet,38.2765541695639,49.38384659445178
789,42451744,42428020,East79thStreet,50.768127486398214,55.200229257786596
790,42428022,42428020,YorkAvenue,11.758139752885711,15.726296551913533
791,42428016,42428020,YorkAvenue,14.801946938313527,16.323887054897092
792,42455735,42452975,10thAvenue,11.868793035937276,18.7919326527848
793,42432789,42445635,PostAvenue,28.261171964285715,44.817668421052616
794,42446604,42445635,PostAvenue,23.737782424242425,29.314822368421048
795,42427863,42445635,AcademyStreet,16.263052380952384,23.329508245614036
796,42456091,42438973,1stAvenue,8.471626879065504,10.042379892233633
797,42424603,42437930,HarlemRiverDrive,28.34293046601942,38.101536909547725
798,42455897,42442891,East25thStreet,53.967408226138865,65.23042619189515
799,42429900,42442891,2ndAvenue,10.738748740199547,9.808217506983542
800,42455897,42429918,1stAvenue,9.50800783154736,12.010892463007163
801,42429910,42429918,East26thStreet,21.77146978411258,26.68290368411385
802,42422830,42429918,East26thStreet,33.99779091928249,22.031929223712048
803,42455887,42442881,East19thStreet,69.40029835090569,67.49692371638143
804,42439178,42442881,2ndAvenue,11.660458903918965,10.758193464426096
805,42455887,42439181,1stAvenue,9.397511024641563,10.530770114929009
806,42439178,42439181,East20thStreet,55.23122516858289,59.31832655873805
807,42438463,42439181,East20thStreet,63.73638947971904,73.12412919837459
808,42455643,42450341,10thAvenue,10.3863066922646,13.112125042571336
809,42430747,42450341,West58thStreet,54.07281608181272,52.020791140819995
810,42455643,42445037,West57thStreet,48.1938926409924,57.479433388412644
811,42445039,42445037,9thAvenue,14.980954261160464,21.576883904579088
812,42455643,42430745,West57thStreet,55.2623059905599,64.80712139503183
813,42430747,42430745,11thAvenue,12.26812225931428,16.485823113322155
814,42430742,42430745,11thAvenue,12.781037679822125,13.220111589366207
815,42455509,42453669,SeamanAvenue,4.751115716049383,6.157874709141272
816,42431230,42453669,SeamanAvenue,20.999579473684218,26.30064500000001
817,42455509,42453349,West204thStreet,14.089437802197807,20.146772500000004
818,42445637,42453349,CooperStreet,13.279909733333328,26.282348383838386
819,42429220,42453349,West204thStreet,13.261123000000005,14.323379222222213
820,42455705,42445773,10thAvenue,12.011007051094895,13.827352098092645
821,42449593,42445773,10thAvenue,11.110936610169492,12.169576486486488
822,42437926,42445773,West211thStreet,19.769953090909084,22.224512000000004
823,42427873,42445773,ShermanAvenue,20.72095516666666,23.56113352941177
824,42455705,42427873,IshamStreet,6.898565222222223,8.037320740740743
825,42445773,42427873,ShermanAvenue,24.29789166666667,27.8219
826,42437925,42427873,IshamStreet,17.740967241379312,20.55604571428572
827,42427870,42427873,ShermanAvenue,21.114666666666665,21.384006666666668
828,42455675,42447237,1stAvenue,9.213247202339373,12.758575396140964
829,42427979,42447237,East66thStreet,33.087211978648824,43.63990470534228
830,42455675,42427975,East65thStreet,41.17029232874686,67.28644282491257
831,42427979,42427975,YorkAvenue,12.513459372341206,20.737111209541485
832,42427972,42427975,YorkAvenue,10.32181933507529,16.392495462975035
833,42437135,42444116,SouthStreet,16.19973391758363,19.351769942850076
834,42452556,42444116,MarketSlip,10.33132044843049,10.73225391959799
835,42444129,42444116,SouthStreet,14.378011295186484,18.30876621241853
836,42437135,42433324,CatherineSlip,8.354864391378884,11.780983678088644
837,42455694,42445994,East69thStreet,33.28141397816233,39.67445645212429
838,42431674,42445994,MadisonAvenue,9.845991670939446,11.842664826702995
839,42455662,42445972,East65thStreet,31.01347032050374,37.568483840511924
840,42431650,42445972,MadisonAvenue,9.819211741739483,12.739858159540796
841,42455662,42431649,5thAvenue,11.427748325905533,23.51498597189836
842,42455396,42453160,AvenueD,16.893883281421378,17.77840374264418
843,42444835,42453160,AvenueD,11.40844354718983,10.202513042582412
844,42455396,42437354,AvenueD,15.814890183743017,13.733463041586692
845,42453613,42437354,AvenueD,21.308034365047373,18.84973198521419
846,42455695,42443000,East69thStreet,52.84587186956018,71.5839885288641
847,42429693,42443000,2ndAvenue,12.451072065692925,21.768550062773624
848,42455695,42429694,1stAvenue,9.652906562524267,12.344046865902598
849,42429693,42429694,East70thStreet,50.140698820731394,58.48964896845469
850,42456049,42429986,1stAvenue,9.627768336020551,14.150614065781982
851,42427970,42429986,East63rdStreet,38.94743748066679,51.91711476431734
852,42456049,42427968,East62ndStreet,48.515661067694005,54.07739252635726
853,42427965,42427968,YorkAvenue,10.91868820269121,17.00154013678985
854,42427970,42427968,YorkAvenue,28.927414841810172,26.741432360139843
855,42455259,42454102,AudubonAvenue,11.25038140077821,17.524524000000007
856,42445675,42454102,AudubonAvenue,15.06662111111111,17.850803333333328
857,42442750,42454102,West185thStreet,19.37325449275363,37.04379032258065
858,42433075,42454102,West185thStreet,23.37246403225805,32.58548021276596
859,42455259,42442745,West184thStreet,20.7518190625,32.239189310344834
860,42442750,42442745,AmsterdamAvenue,10.873972352941177,11.612191612903226
861,42438186,42442745,AmsterdamAvenue,7.894340384615379,11.034738590604027
862,42455259,42438189,AudubonAvenue,12.151093571428571,17.05222476190476
863,42454368,42438189,AudubonAvenue,6.983596010638302,12.258000078740153
864,42438186,42438189,West183rdStreet,23.261001500000003,32.50616896551724
865,42433069,42438189,West183rdStreet,18.46051496815288,23.55641163265307
866,42455493,42446797,10thAvenue,5.318857492625368,6.596144746835447
867,42445563,42446797,West205thStreet,27.016666666666666,32.18522
868,42455493,42445051,West204thStreet,15.910323076923078,32.56061454545455
869,42445563,42445051,9thAvenue,19.8464,13.6927
870,42455493,42435415,10thAvenue,12.21109517241379,20.029304358974358
871,42451736,42435415,10thAvenue,5.540424753289472,6.630677019230768
872,42440326,42448701,3rdAvenue,14.915703653100051,16.296850560178473
873,42446925,42448701,East23rdStreet,39.60357862297962,42.571326742522146
874,42442889,42448701,East23rdStreet,59.823212027166406,61.81984729848129
875,42436586,42448701,3rdAvenue,17.448216664513165,13.007636725978644
876,42440326,42440330,East22ndStreet,55.87435449863225,58.890824505812766
877,42442889,42440330,2ndAvenue,13.304436099187312,12.532856337496426
878,42455412,42449038,AvenueD,14.277601590909093,15.099142574334898
879,42430942,42449038,AvenueD,11.024764625676482,10.291875259837784
880,42455412,42434237,AvenueD,11.85216050832603,11.634543755441234
881,42444835,42434237,AvenueD,16.616563534482754,16.749275255916338
882,42455465,42446879,RutherfordPlace,22.091404774346813,25.17528427807485
883,42442877,42446879,East17thStreet,17.82903800765235,17.789722073132452
884,42455465,42431461,RutherfordPlace,19.800577315436247,19.947647846534647
885,42431464,42431461,East15thStreet,15.645106440064456,15.540209767357858
886,42455181,42455412,East8thStreet,39.04516921275874,35.87585805604205
887,42449038,42455412,AvenueD,8.870226586748743,8.984183319381842
888,42434237,42455412,AvenueD,14.470344597291524,13.205022364156338
889,42455181,42449029,AvenueC,12.3823776734385,10.101256933446862
890,42449038,42449029,East9thStreet,32.362138772504096,39.52791077235774
891,42430938,42449029,AvenueC,15.047189833909451,11.867668015087812
892,42455181,42434233,AvenueC,15.450508481308406,11.492062760802838
893,42444833,42434233,AvenueC,14.768346635530806,12.247831010416665
894,42434237,42434233,East7thStreet,32.97548269303201,32.702723567921446
895,42455175,42455396,East4thStreet,47.687279395900745,35.00934717809868
896,42453160,42455396,AvenueD,10.698935805010684,10.292817447111954
897,42437354,42455396,AvenueD,19.614700553514577,16.2744327178521
898,42455175,42453158,AvenueC,14.138314437227235,11.705180660194175
899,42453160,42453158,East5thStreet,29.786164030955586,42.23758689320387
900,42453156,42453158,East5thStreet,80.17553677419355,52.029524
901,42444833,42453158,AvenueC,16.163917835581234,11.622116181197715
902,42455337,42450275,AudubonAvenue,14.260512916666665,13.200598214285714
903,42455335,42450275,AudubonAvenue,11.619468895705523,18.263993902439026
904,42442766,42450275,West189thStreet,28.329603928571444,32.458015
905,42455337,42442770,West190thStreet,27.25756181818181,39.152066666666656
906,42442766,42442770,AmsterdamAvenue,8.820021428571426,19.59657625
907,42455337,42437942,AudubonAvenue,16.20079779411764,22.04107885245902
908,42427768,42437942,AudubonAvenue,14.766126551724136,18.55625172413793
909,42455335,42442764,West188thStreet,30.83830681818182,43.31688333333333
910,42442766,42442764,AmsterdamAvenue,12.919720666666667,16.11742375
911,42436283,42442764,LaurelHillTerrace,30.579176296296296,32.376388888888876
912,42436285,42442764,AmsterdamAvenue,11.325827659574466,13.514777868852466
913,42455335,42436288,AudubonAvenue,13.998565714285714,13.018369655172414
914,42445675,42436288,AudubonAvenue,15.624302105263155,22.46554674418605
915,42436285,42436288,West187thStreet,14.279532760736195,21.884782178217826
916,42455751,42437371,10thAvenue,11.96115706459196,17.6676774437066
917,42434439,42437371,West42ndStreet,43.07368364076949,44.654713880442245
918,42430673,42437371,West42ndStreet,88.96314453027658,127.6914156330087
919,42455083,42455175,East4thStreet,54.55404282051281,56.50055119460894
920,42453158,42455175,AvenueC,17.2154701498538,11.506615713069152
921,42437349,42455175,AvenueC,16.368050957313248,12.877892177408183
922,42455083,42453177,AvenueB,19.56411245854272,18.23142471586263
923,42444832,42453177,AvenueB,23.192631429495854,18.332030441941818
924,42431560,42440960,9thAvenue,13.716808801349814,21.339810038201076
925,42435710,42440960,West55thStreet,75.93382234968354,78.08628766804979
926,42455051,42455083,East4thStreet,59.8172221237673,57.994520097012426
927,42453177,42455083,AvenueB,21.729293250036235,17.436660225243493
928,42437346,42455083,AvenueB,23.704774407734647,20.00586444762589
929,42455051,42453175,AvenueA,20.215606265850468,16.45335233640553
930,42453177,42453175,East5thStreet,38.79935127779624,31.023294898728217
931,42444829,42453175,AvenueA,24.903560729932714,23.988698130319328
932,42455051,42437343,AvenueA,31.19860162466218,31.138199362996712
933,42453604,42437343,AvenueA,21.299589060164667,20.217779006342496
934,42437346,42437343,East3rdStreet,52.711881055589025,41.68879261261263
935,42455013,42455007,East11thStreet,45.2350006355932,39.782797553342846
936,42446562,42455007,AvenueB,18.337336704310182,14.624203261989706
937,42430924,42455007,AvenueB,20.97282568965516,20.734322228098407
938,42455013,42446571,AvenueC,11.166440437997078,9.048478839401824
939,42446562,42446571,East12thStreet,42.0686619740031,45.744418157363825
940,42436957,42446571,AvenueC,16.32475130804039,13.062885775285322
941,42455013,42430938,AvenueC,14.76590285272558,11.52777092199977
942,42449029,42430938,AvenueC,12.18187385696474,9.890994141785336
943,42430924,42430938,East10thStreet,52.631844101161995,54.610056795058135
944,42421828,42430938,East10thStreet,23.307224190283407,24.678741873350926
945,42455007,42454997,East11thStreet,47.37056881021737,41.70078382310982
946,42446552,42454997,AvenueA,20.28642469108734,16.703174223724993
947,42430914,42454997,AvenueA,22.40113760496673,19.789346381709745
948,42455007,42446562,AvenueB,18.25068297629816,16.838178859621927
949,42446552,42446562,East12thStreet,55.84832623112278,54.95573802295447
950,42436947,42446562,AvenueB,17.787991725034672,13.294375283198473
951,42455007,42430924,AvenueB,17.830170126388882,13.454748499461779
952,42449027,42430924,AvenueB,17.751519586231495,14.837298167239402
953,42430938,42430924,East10thStreet,41.040327515997696,36.72551452358929
954,42430914,42430924,East10thStreet,60.29056674134561,58.50604551643642
955,42454997,42454994,East11thStreet,61.990347905725606,52.80000416883796
956,42430903,42454994,1stAvenue,14.707934711683974,12.516001520772553
957,42454997,42446552,AvenueA,19.958299032084607,17.635449901667357
958,42446547,42446552,East12thStreet,64.85755540639751,57.71606520645845
959,42436944,42446552,AvenueA,19.886180310009426,15.404555525297393
960,42454997,42430914,AvenueA,18.980883648405772,14.39326264868804
961,42449023,42430914,AvenueA,16.219373550061054,13.233151050508935
962,42430924,42430914,East10thStreet,44.18737580721746,38.71783193711969
963,42430903,42430914,East10thStreet,62.066061219893655,54.26411339024189
964,42455238,42447418,AudubonAvenue,7.380930655737708,15.281086858108113
965,42454622,42447418,AudubonAvenue,13.221160425531915,16.092942666666673
966,42442717,42447418,West169thStreet,25.617685199999997,27.44829390000001
967,42455238,42442710,West168thStreet,22.22435993548388,29.06661515789473
968,42442717,42442710,AmsterdamAvenue,9.898716268656717,12.199224392523366
969,42455238,42432226,AudubonAvenue,10.730551643835618,16.250375652173908
970,42455234,42432226,AudubonAvenue,5.848518664772729,13.6461724437299
971,42455238,42428978,West168thStreet,16.360836703296712,22.69492868055556
972,42432228,42428978,SaintNicholasAvenue,5.459174392662373,10.06039744715447
973,42428980,42428978,Broadway,10.727234392598556,12.498263019250256
974,42428975,42428978,Broadway,11.043999057568676,18.46501300961219
975,42427136,42428978,West168thStreet,35.790929099437164,62.74174678571429
976,42454970,42454893,FortTryonPlace,9.4741896,16.305161538461537
977,42455452,42439323,East16thStreet,23.98547355532787,51.389890163934496
978,42437289,42439323,StuyvesantLoopWest,37.49522967012602,38.737164624361746
979,42431470,42439323,1stAvenue,11.333302054306936,11.06045715797615
980,42455693,42431671,5thAvenue,9.898592087059914,18.83535928657533
981,42455915,42422899,1stAvenue,9.818643395512238,13.500141063062403
982,42449691,42422899,East37thStreet,15.929257998554801,24.30404233842573
983,42455245,42442722,West172ndStreet,19.485500694444443,35.160375882352966
984,42439783,42442722,AmsterdamAvenue,6.520127649635035,14.662010759493675
985,42429452,42442722,AmsterdamAvenue,9.051359618320609,12.888087515151515
986,42455245,42434992,AudubonAvenue,10.678524522292994,15.16460776470588
987,42454622,42434992,AudubonAvenue,7.869709093655591,15.435465527638188
988,42439783,42434992,West171stStreet,18.793742,25.68786317241379
989,42455245,42429457,AudubonAvenue,8.163857881944445,17.3389686695279
990,42454611,42429457,AudubonAvenue,12.48716012244898,15.622263840000002
991,42429452,42429457,West173rdStreet,18.574791774193553,22.48344179775281
992,42455234,42442703,West166thStreet,18.146508850574712,25.483981645569614
993,42437319,42442703,AmsterdamAvenue,6.909081625544271,13.79685835680752
994,42455234,42433030,West166thStreet,8.496201206896552,12.059601718749995
995,42433027,42433030,SaintNicholasAvenue,5.552491975850715,9.804983817351598
996,42432228,42433030,SaintNicholasAvenue,8.246396853396906,10.727632951541846
997,42428975,42433030,West166thStreet,7.855712229580575,11.151493994490357
998,42455026,42449067,East11thStreet,39.936685405202006,41.631295155299156
999,42439070,42449067,5thAvenue,17.686229157669665,15.639458875239232
1000,42455026,42446521,UniversityPlace,20.666975965539976,20.37160916798109
1001,42439070,42446521,East12thStreet,50.42866939986041,50.99949062128418
1002,42455113,42436514,ParkAvenue,13.497275412224262,19.646882558148164
1003,42436516,42436514,East61stStreet,40.13132582347887,53.70129887626726
1004,42454994,42446547,1stAvenue,14.950564381315534,12.459329294902961
1005,42442870,42446547,East12thStreet,71.40148479331442,57.38636660066472
1006,42454994,42442862,East11thStreet,70.46978803644214,62.691522437810924
1007,42442870,42442862,2ndAvenue,16.125843587605033,13.953845910785198
1008,42454758,42453477,JaneStreet,28.456604887234512,35.312568865527794
1009,42454758,42439096,WashingtonStreet,21.70427740786546,21.216207474707225
1010,42439099,42439096,West12thStreet,34.010376009680044,20.267945865436786
1011,42454642,42456986,WashingtonStreet,17.68488534110788,20.64104032037489
1012,42436119,42456986,LeroyStreet,15.125718241669922,20.86465221163013
1013,42454642,42436122,MortonStreet,22.59519477700437,18.617222041299943
1014,42436119,42436122,GreenwichStreet,14.823694164490867,12.68258317806076
1015,42455200,42439345,VarickStreet,14.984990707994877,16.589867927307914
1016,42439335,42439345,CharltonStreet,52.29727731125958,63.73241911645585
1017,42455200,42430167,KingStreet,64.72675291034906,58.245571215472154
1018,42450325,42430167,KingStreet,15.556065710227278,12.091688953488376
1019,42439335,42430167,6thAvenue,15.264347481663627,15.192986558830276
1020,42426875,42456961,East25thStreet,6.601422521103167,6.788351385482177
1021,42448711,42456961,AsserLevyPlace,26.268190336594916,34.91648911199473
1022,42448552,42449576,MercerStreet,39.21897338009226,54.16992562053403
1023,42428444,42449576,PrinceStreet,26.705369699815375,44.95455543150397
1024,42448552,42428447,WestHoustonStreet,24.811975577477178,28.5393303840445
1025,42448549,42450325,MacDougalStreet,15.037354220959035,15.724982831767006
1026,42455252,42436807,AudubonAvenue,11.01658340983606,14.199295428571427
1027,42446331,42436807,AudubonAvenue,9.785092846153846,16.95477101941747
1028,42433058,42436807,West176thStreet,14.962790611510789,25.092789255319158
1029,42442642,42442645,AmsterdamAvenue,7.590907885666245,12.831249983193276
1030,42432980,42442645,West153rdStreet,37.186488648648655,36.10546124031008
1031,42438024,42442645,AmsterdamAvenue,11.12922562601626,12.268040766283526
1032,42442642,42442638,AmsterdamAvenue,10.96908062794349,11.79526555335968
1033,42448674,42442638,West151stStreet,31.709475126903573,30.37106942408377
1034,42442635,42442638,AmsterdamAvenue,8.168870857685011,11.900344427111346
1035,42428570,42443305,West60thStreet,49.09229074550867,48.85113022606174
1036,42442404,42443305,West60thStreet,64.97226701570678,59.09039646341461
1037,42421974,42443305,ColumbusAvenue,13.556473779456224,17.666537271328032
1038,42455357,42431508,WashingtonStreet,21.863761941105768,21.161366899909996
1039,42431511,42431508,HoratioStreet,32.370357011152386,44.348872740384635
1040,42432834,42432847,East57thStreet,35.50887738925131,54.59323360661384
1041,42447007,42432847,LexingtonAvenue,17.474626707943127,27.284594900652966
1042,42432856,42432847,East57thStreet,49.7385018185001,67.51802632202599
1043,42454600,42452630,GouverneurLane,8.32551131800766,10.64458274815423
1044,42427254,42452630,FrontStreet,20.90664030197445,33.90284834836919
1045,42454600,42429844,WaterStreet,20.720541208207393,24.105404775199407
1046,42454798,42429844,WaterStreet,13.856685049889784,14.430711055182025
1047,42454600,42421960,WaterStreet,9.12822468040908,8.084930983395699
1048,42445569,42421960,WaterStreet,14.18953380694007,19.70138130306785
1049,42421946,42421960,OldSlip,9.140218669807275,16.734656442602027
1050,42455119,42436531,1stAvenue,11.431508708223975,17.410792588716376
1051,42427965,42436531,East61stStreet,36.59357476492364,53.81866148121897
1052,42455119,42424672,East60thStreet,44.41711168236196,38.50977351653816
1053,42448329,42424672,SuttonPlace,17.945989235941333,17.937346242116952
1054,42427965,42424672,YorkAvenue,16.80138514490224,21.75742668840865
1055,42454660,42448423,SuttonSquare,11.515959051987766,15.407776501501493
1056,42424767,42448423,RiverviewTerrace,10.486708172413788,12.909021009615385
1057,42454660,42448329,SuttonPlace,18.533741750442047,20.00673076152027
1058,42448326,42448329,East59thStreet,47.63565928473177,43.18846644518271
1059,42424672,42448329,SuttonPlace,15.891292444578614,19.19981578257518
1060,42424767,42448329,East59thStreet,9.65681347094801,11.845572065063648
1061,42454660,42432875,SuttonPlace,18.50303524375,22.57164386172256
1062,42440567,42432875,SuttonPlaceSouth,21.550941169871788,23.06676242677827
1063,42432867,42432875,East57thStreet,42.82554689655173,42.319118924132034
1064,42454701,42446478,1stAvenue,9.530824430892142,10.981913106868069
1065,42428015,42446478,East77thStreet,51.302124215986716,54.717361004682814
1066,42454679,42446013,East76thStreet,29.59591653802128,40.58111767636681
1067,42430052,42446013,MadisonAvenue,10.490835545786787,12.456152380267124
1068,42454679,42430050,5thAvenue,8.396931370045866,14.603832465939863
1069,42430052,42430050,East75thStreet,30.1151451865848,37.18903996146438
1070,42454622,42435198,West170thStreet,25.99927032967034,29.705418588235286
1071,42442717,42435198,AmsterdamAvenue,5.7366823700305805,10.843097818181816
1072,42439783,42435198,AmsterdamAvenue,8.10098845394737,10.602740317460317
1073,42454611,42446331,AudubonAvenue,8.401215577689241,17.32436523809524
1074,42436807,42446331,AudubonAvenue,12.022593664383555,15.635546594202893
1075,42423101,42446331,West175thStreet,16.36765824324324,24.85733696969697
1076,42454611,42442723,West174thStreet,23.532887571428567,28.781785714285725
1077,42429452,42442723,AmsterdamAvenue,6.674471383989147,14.38483526515151
1078,42423101,42442723,AmsterdamAvenue,9.07268958083832,13.192603298969068
1079,42454798,42440350,WaterStreet,9.948830117205627,11.844958338326519
1080,42440270,42440350,WaterStreet,13.155229521455407,14.315680282817507
1081,42440353,42440350,JohnStreet,9.129240715456033,12.165825623016708
1082,42440347,42440350,JohnStreet,15.529291646509073,17.543364796035963
1083,42454798,42427254,MaidenLane,6.674413915220678,8.899562204504909
1084,42444242,42427254,MaidenLane,10.791713858416369,15.21479429917908
1085,42440353,42427254,FrontStreet,7.9184582274474415,10.287438237288136
1086,42454798,42427249,MaidenLane,21.764679079659704,29.58817382522671
1087,42429353,42427249,PearlStreet,12.17318250437012,16.146872701549164
1088,42422056,42427249,MaidenLane,12.768454524435393,14.411070671641795
1089,42454795,42440335,NassauStreet,16.25472632619884,22.396649171396145
1090,42428379,42440335,JohnStreet,27.890812523408627,39.339609861995726
1091,42454795,42428376,MaidenLane,36.83438904860391,48.61482397248189
1092,42428379,42428376,Broadway,13.896078347800596,22.48154449601911
1093,42454553,42446231,10thAvenue,7.7551214381720435,8.640703274111672
1094,42429244,42446231,West216thStreet,4.894989999999998,4.724917619047619
1095,42454553,42444873,West215thStreet,26.19505909090909,45.361754375
1096,42444880,42444873,9thAvenue,12.6366,10.5744
1097,42454553,42429960,10thAvenue,10.51748428571429,11.106676551724142
1098,42439432,42429960,10thAvenue,7.624544067796612,8.256585679012348
1099,42429236,42429960,West214thStreet,18.53787279069768,19.14726777777778
1100,42454553,42429242,West215thStreet,12.369274117647054,7.687858421052631
1101,42429244,42429242,Broadway,15.743954893617019,18.38700647058824
1102,42429236,42429242,Broadway,13.669850277777774,23.027922978723396
1103,42454522,42446266,ParkAvenueSouth,16.993144762138108,20.28067733798945
1104,42445888,42446266,East28thStreet,53.9558454812511,54.35208295538577
1105,42436748,42446266,ParkAvenueSouth,15.425616267763774,14.193734538390247
1106,42454522,42445885,East27thStreet,52.414691647444116,56.13398431501192
1107,42429876,42445885,MadisonAvenue,17.032013991066307,22.594931485109488
1108,42454300,42450290,BennettAvenue,26.289066442953025,34.93678193548387
1109,42429094,42450290,West189thStreet,18.732237761194032,24.440974523809533
1110,42454300,42429104,West190thStreet,13.721488888888887,29.822
1111,42453591,42429104,FairviewAvenue,17.6061,22.73783
1112,42429094,42429104,Broadway,9.983149056117393,12.386123016166284
1113,42427780,42429104,Broadway,16.01547569767441,18.545182164634138
1114,42454742,42436427,JaneStreet,45.57088678404278,45.55734415148611
1115,42431503,42436427,HudsonStreet,17.529780744019913,16.529516817579875
1116,42454742,42429390,West4thStreet,20.136183871768814,19.377097020587314
1117,42429388,42429390,West13thStreet,15.395031185612025,15.132018382978725
1118,42454742,42429388,8thAvenue,8.32681539796827,8.221684339387041
1119,42429390,42429388,West13thStreet,22.546113671947808,18.580209429494086
1120,42454742,42429378,HoratioStreet,34.01924430481671,29.049764834090137
1121,42432211,42429378,GreenwichAvenue,18.750389295831667,17.772575275148963
1122,42429375,42429378,West13thStreet,51.17162715726556,42.32530245628645
1123,42452975,42443975,10thAvenue,12.236056566873794,19.150277360174265
1124,42454102,42455259,AudubonAvenue,12.57122375,21.1113156
1125,42438189,42455259,AudubonAvenue,10.520824356435645,16.154402527472534
1126,42433072,42455259,West184thStreet,24.274097058823518,29.898260416666652
1127,42454102,42445675,AudubonAvenue,13.220571689497714,22.097300655737694
1128,42436288,42445675,AudubonAvenue,14.775065,13.108336071428573
1129,42433077,42445675,West186thStreet,31.61748888888889,29.67965320000001
1130,42454102,42442750,West185thStreet,24.70870543478261,37.72902857142857
1131,42442755,42442750,AmsterdamAvenue,13.496452799999995,13.540592173913044
1132,42442745,42442750,AmsterdamAvenue,8.603316622950818,11.237237022058823
1133,42454102,42433075,West185thStreet,22.27944086956521,27.574928205128213
1134,42449644,42433075,West185thStreet,22.53854789915967,28.763210285714287
1135,42433072,42433075,SaintNicholasAvenue,8.302726605351173,12.496048770226533
1136,42433077,42433075,SaintNicholasAvenue,15.2239,17.595219473684214
1137,42431002,42431004,WestEndAvenue,17.137459764052185,16.03384132022729
1138,42431005,42431004,WestEndAvenue,14.12884557203516,20.317143111159503
1139,42428634,42431004,West72ndStreet,51.81143736050908,64.89545183464935
1140,42424032,42431004,West72ndStreet,15.231714151957016,18.185101352569877
1141,42431002,42431000,WestEndAvenue,14.112700342748724,19.787300642598947
1142,42438832,42431000,West70thStreet,37.116022601572716,38.370086337719314
1143,42430984,42442410,West64thStreet,59.72011411483256,64.7606850322581
1144,42430983,42457209,West63rdStreet,29.789611793722013,48.9630510659899
1145,42430983,42430984,WestEndAvenue,13.346835734402086,12.548456363767835
1146,42430985,42430984,WestEndAvenue,12.198690623495848,17.344806213289026
1147,42430983,42430981,WestEndAvenue,11.373256172619689,15.346993910759243
1148,42454120,42430981,West62ndStreet,46.263147543859645,41.871579245283016
1149,42421985,42430981,WestEndAvenue,13.464294176308545,12.216783900036493
1150,42439170,42449893,3rdAvenue,17.773208537344605,15.696026605795089
1151,42442881,42449893,East19thStreet,46.450517278435505,52.640341188459615
1152,42437283,42449893,3rdAvenue,12.970143414694709,13.226347727872113
1153,42439170,42439178,East20thStreet,54.316080455806606,58.89191523187292
1154,42454433,42443563,10thAvenue,11.793363587888546,16.392745228158894
1155,42454368,42433068,West182ndStreet,10.00100172923777,14.536781483622349
1156,42433066,42433068,SaintNicholasAvenue,7.09771751552795,13.965307942122193
1157,42433069,42433068,SaintNicholasAvenue,12.702101617647054,19.34712074074074
1158,42431177,42448930,NagleAvenue,10.947123218884126,14.522578736263744
1159,42421791,42448930,SicklesStreet,16.120688421052638,10.378092
1160,42443522,42448930,NagleAvenue,9.558122542955324,11.586453519061587
1161,42454325,42444897,West14thStreet,49.46565905482042,49.40530280750516
1162,42444906,42444897,9thAvenue,15.700324697915182,13.795353686283285
1163,42435596,42444897,West14thStreet,77.15657186356896,71.00932029091312
1164,42454325,42429412,WashingtonStreet,45.37310176920722,32.12522929963692
1165,42431154,42429412,WashingtonStreet,40.78606502516959,26.397749903930126
1166,42447228,42455662,5thAvenue,10.650816334478282,23.03862219696877
1167,42453555,42443570,12thAvenue,21.041908931907702,36.28971474546251
1168,42453555,42430688,West46thStreet,33.60811389053989,52.79960049544991
1169,42430691,42430688,11thAvenue,11.381932147543207,17.714797097737936
1170,42430685,42430688,11thAvenue,15.80899720113851,16.629444397438064
1171,42454006,42454010,East38thStreet,30.67874068433094,40.60639544743989
1172,42450814,42454010,East38thStreet,25.427221044008988,29.216462471621327
1173,42422899,42454010,1stAvenue,9.331099647815256,12.936931406398996
1174,42454006,42449689,TunnelEntranceStreet,12.24585432854466,12.761503731597704
1175,42422899,42449689,East37thStreet,20.990777190496328,31.708685277062578
1176,42454006,42445666,TunnelEntranceStreet,22.855200953991886,19.76034054493984
1177,42453008,42445666,TunnelEntranceStreet,14.044417180835516,14.371426971372395
1178,42445667,42445666,East39thStreet,30.15446009929078,38.21954077779681
1179,42454538,42436929,West215thStreet,17.080558514285713,21.368527027027017
1180,42453354,42436929,ParkTerraceWest,37.60121969696971,42.616359534883735
1181,42434370,42436929,West215thStreet,23.178907894736852,25.96797933333333
1182,42454538,42432882,West215thStreet,16.5881816,17.362469999999995
1183,42429709,42432882,IndianRoad,18.021805,16.913862857142856
1184,42454538,42429708,SeamanAvenue,21.64202936363636,26.29210563291139
1185,42429707,42429708,West218thStreet,23.17314646153847,21.88644705882353
1186,42453952,42454401,BarclayStreet,27.557091712703684,38.571257158518755
1187,42430007,42454401,WestBroadway,12.479006806930693,18.36839857958732
1188,42453952,42430004,ChurchStreet,14.827110832067827,20.34307906722866
1189,42430007,42430004,ParkPlace,31.524656126266084,42.80044442398576
1190,42453943,42453952,ChurchStreet,16.692202214035827,25.06728224936289
1191,42453943,42428391,VeseyStreet,45.7675714924839,62.01338953835712
1192,42454192,42446041,East87thStreet,30.745416999303764,40.948534101573316
1193,42429324,42446041,MadisonAvenue,9.319119141767569,11.488034511726472
1194,42454196,42445748,1stAvenue,8.616916326708786,10.702490727871474
1195,42443042,42445748,East88thStreet,57.446518284567524,61.413457840332214
1196,42454196,42443040,East87thStreet,44.34008510268559,54.87827079969029
1197,42443042,42443040,2ndAvenue,12.406736609495585,13.182220652062876
1198,42454240,42444081,BennettAvenue,39.798845714285704,51.97198129870132
1199,42430951,42444081,West181stStreet,8.697290369458125,13.109676042216359
1200,42429029,42444081,West181stStreet,7.943418434065926,12.844045565714286
1201,42454240,42442378,West184thStreet,8.1247390166205,10.826614230769236
1202,42442384,42442378,OverlookTerrace,22.612054411764703,32.60837192307691
1203,42454240,42429044,West184thStreet,14.408066000000005,17.438255161290318
1204,42449641,42429044,West184thStreet,16.13005420765027,23.90252083333333
1205,42429058,42429044,Broadway,9.620207317073174,8.245057368421053
1206,42429035,42429044,Broadway,6.0962790499194845,8.254442737541531
1207,42454010,42450814,East38thStreet,24.73796925918953,31.994194317785016
1208,42432548,42450814,FDRDrive,21.11297277705644,28.123289572683905
1209,42454010,42445667,1stAvenue,9.829080931128273,14.38140076142355
1210,42454428,42437358,5thAvenue,19.741350937159762,24.13181629930117
1211,42445916,42437358,East42ndStreet,47.58788572239962,80.35804399864632
1212,42430333,42437358,West42ndStreet,79.58712276955201,101.44888128693363
1213,42454428,42430338,West43rdStreet,87.48041466682803,145.25409978576388
1214,42430333,42430338,6thAvenue,13.66395734996117,23.36294321331364
1215,42445392,42451126,FDRDrive,6.658975544654272,5.8313461390874
1216,42445392,42445390,East34thStreet,21.69496152884861,31.663968335561535
1217,42453187,42445390,1stAvenue,9.649666311435805,14.476697430615936
1218,42445387,42445390,East34thStreet,48.42628356663163,51.60559892669938
1219,42453700,42457821,PikeStreet,19.671799924369747,19.709672282936626
1220,42435922,42457821,PikeStreet,24.68483899836372,23.597619544729852
1221,42433547,42457821,EastBroadway,33.59943098939056,34.151525775907416
1222,42433542,42457821,EastBroadway,22.689982932949423,25.813660692840664
1223,42453700,42440792,OrchardStreet,22.163529291338588,17.170380669475662
1224,42440679,42440792,CanalStreet,22.516758711808443,20.211431362889982
1225,42437990,42440792,CanalStreet,17.96996398472152,14.123253975294777
1226,42453700,42437990,AllenStreet,18.604588851550318,19.086117018191413
1227,42440792,42437990,CanalStreet,15.632330807127884,15.99021833333334
1228,42437992,42437990,AllenStreet,42.5208985888543,42.78195128704832
1229,42429637,42437990,CanalStreet,20.564211710526322,18.640138899521528
1230,42453700,42429636,DivisionStreet,22.571693046257998,19.112849733250624
1231,42440798,42429636,ForsythStreet,32.71019402667985,36.474025377094996
1232,42433542,42429636,EldridgeStreet,11.851325244275731,12.480174187969105
1233,42454042,42446363,10thAvenue,10.287357067047516,12.272419667038104
1234,42430713,42446363,West52ndStreet,55.158429419835386,54.16585842857143
1235,42454042,42430707,West51stStreet,58.13064426094136,79.90061839992072
1236,42430713,42430707,11thAvenue,10.699257256561353,16.749224783044784
1237,42430704,42430707,11thAvenue,12.982375203844885,12.35434830571784
1238,42453638,42457282,BeakStreet,31.0963,10.3999
1239,42445640,42457282,SeamanAvenue,9.710760196078434,12.967085151515153
1240,42440079,42457282,SeamanAvenue,3.5871397359154935,5.818101467889918
1241,42453638,42432802,PaysonAvenue,43.72523333333334,49.11913333333334
1242,42432799,42432802,DyckmanStreet,10.774158189655166,11.633223928571427
1243,42432805,42432802,DyckmanStreet,9.370499493433387,11.793103711048152
1244,42453999,42445664,TunnelExitStreet,13.972673192071376,19.349849560391966
1245,42442933,42445664,East39thStreet,44.894000867410156,52.28375672012417
1246,42453999,42442931,East38thStreet,35.202305300057205,38.62742723292146
1247,42442933,42442931,2ndAvenue,13.28448641868227,16.215903357499936
1248,42453669,42455509,SeamanAvenue,9.056254888888887,9.848037199999998
1249,42453349,42455509,West204thStreet,12.049960140845066,13.696551224489793
1250,42445640,42455509,SeamanAvenue,13.594527142857133,19.45030944038929
1251,42448568,42442291,WashingtonStreet,55.78397109791009,67.81070171557029
1252,42440854,42442291,SpringStreet,24.58443693175712,28.83575680843142
1253,42454378,42430263,West19thStreet,72.37413136969744,75.03326153151994
1254,42429659,42430263,6thAvenue,13.475534593428865,15.63385334871291
1255,42454378,42427369,5thAvenue,26.130205834828118,25.756296726939212
1256,42427371,42427369,West20thStreet,75.87138617556128,77.09174903042575
1257,42453613,42453610,East2ndStreet,39.896324155402226,38.03363091596898
1258,42437349,42453610,AvenueC,20.46655887666929,14.498816732782368
1259,42427352,42453610,PittStreet,21.90353527600236,18.86121592687416
1260,42453613,42437118,ColumbiaStreet,37.762969533411244,38.515427883469854
1261,42437119,42437118,RivingtonStreet,91.64535500000001,13.95013166666667
1262,42429812,42437118,ColumbiaStreet,15.351828343765053,23.812465257410302
1263,42453604,42453601,East2ndStreet,45.037718122332926,42.60692961143366
1264,42442843,42453601,East2ndStreet,57.63830375802497,46.22906347126212
1265,42447435,42432073,SuffolkStreet,46.842057080610026,38.74780154913184
1266,42432071,42432073,StantonStreet,19.49626517252819,20.508413984195762
1267,42453468,42457426,PerryStreet,23.86090163703383,21.176951616941015
1268,42449089,42457426,WashingtonStreet,16.14670658958249,16.87086468292684
1269,42453468,42449098,WestStreet,9.98069333901408,11.714804283588025
1270,42449089,42449098,West11thStreet,27.55410610558668,28.19724849486885
1271,42453457,42457735,West10thStreet,20.29763348439429,17.394182897157194
1272,42452610,42457735,WashingtonStreet,15.202052910411625,16.3339466572221
1273,42453457,42452613,WestStreet,9.446212311000746,10.971784187127874
1274,42452610,42452613,CharlesStreet,24.72699917815877,22.62672502103166
1275,42453777,42447249,ChurchStreet,23.312259738873944,28.30784528548125
1276,42430122,42447249,WalkerStreet,24.927274216413213,28.27728050606763
1277,42453777,42445700,WhiteStreet,39.764352660090005,49.44416682986539
1278,42434855,42445700,WestBroadway,6.71907525591864,7.293625767711678
1279,42453777,42430122,6thAvenue,12.106612361244295,19.166125257370094
1280,42434855,42430122,WalkerStreet,13.97472392371514,19.380137611683864
1281,42454381,42427390,10thAvenue,11.698530618321035,16.071309294923534
1282,42453354,42458728,IshamStreet,13.509591156462585,14.59427025974026
1283,42431230,42458728,SeamanAvenue,10.605144200542004,15.996162499999993
1284,42429946,42458728,SeamanAvenue,27.91631172413793,35.55464736842105
1285,42453354,42429226,IshamStreet,17.042745348837208,29.879612142857138
1286,42437925,42429226,IshamStreet,9.83316727272727,9.399170808823529
1287,42429228,42429226,Broadway,20.22688796296297,21.97693972972973
1288,42429222,42429226,Broadway,18.66270080536913,24.09640085106383
1289,42453934,42440290,ChurchStreet,14.209017875397036,21.13200181433506
1290,42428385,42440290,FultonStreet,32.515632191654525,47.93424143318431
1291,42453934,42428379,DeyStreet,32.104812228654154,54.42368129082429
1292,42428385,42428379,Broadway,13.830686801948044,21.55368837049068
1293,42454313,42427782,BennettAvenue,27.38047130434783,40.41126372093023
1294,42427780,42427782,West192ndStreet,18.203532965517237,22.351021632653055
1295,42444016,42435567,MarbleHillAvenue,13.469768604651165,21.776873793103448
1296,42453349,42431234,CooperStreet,25.815383586206888,39.338199523809536
1297,42431230,42431234,West207thStreet,14.069918955223875,18.614256071428574
1298,42429222,42431234,West207thStreet,9.387607641509431,10.52285876923077
1299,42453349,42429220,West204thStreet,20.092994242424247,25.899608205128214
1300,42437923,42429220,West204thStreet,9.753503333333331,14.832852520325208
1301,42429217,42429220,Broadway,13.573766723826717,17.740547900207904
1302,42429222,42429220,Broadway,28.712928717948717,26.000763773584904
1303,42454189,42429314,5thAvenue,9.325726665940397,15.223285515327856
1304,42429324,42429314,East86thStreet,24.69602988312202,33.73434284247901
1305,42453379,42454381,West19thStreet,37.42038349971312,84.8559938356164
1306,42444916,42454381,West19thStreet,44.059561717905744,66.37739616218761
1307,42429664,42454381,10thAvenue,11.031684384117524,13.04941686013576
1308,42453379,42427393,11thAvenue,14.811212655442024,23.965491537659375
1309,42427390,42427393,West20thStreet,54.73044120555232,131.5382414450712
1310,42453395,42446854,VeseyStreet,62.38728218812539,63.73885900000002
1311,42446849,42446854,NorthEndAvenue,13.858628726780891,17.91658683000465
1312,42453714,42443081,East113thStreet,52.89015500000001,17.643704999999994
1313,42453709,42443081,East113thStreet,34.87775285714286,63.05695230769232
1314,42443078,42443081,2ndAvenue,9.691432197023392,12.127039953877699
1315,42453577,42447174,East98thStreet,23.432701399569353,27.617511363380274
1316,42445259,42447174,LexingtonAvenue,7.557979584879974,11.696487302644591
1317,42453577,42445258,ParkAvenue,11.169815318802858,11.128248285646725
1318,42445259,42445258,East99thStreet,20.653734003466198,23.856638895558213
1319,42453630,42445310,10thAvenue,10.928516158730421,16.251984001399734
1320,42430597,42445310,West26thStreet,59.38943804699292,70.26663792628842
1321,42453630,42430594,West25thStreet,58.857472380589,64.41950400221324
1322,42430597,42430594,11thAvenue,13.494976991814122,16.764890692546707
1323,42453717,42442584,West125thStreet,46.999913816999005,55.46185885050443
1324,42442586,42442584,AmsterdamAvenue,17.167356317169055,19.279741939586643
1325,42429827,42442584,West125thStreet,46.94243356748224,57.355570612244904
1326,42421852,42442584,AmsterdamAvenue,17.623010960057908,25.828610300374226
1327,42453717,42428863,West125thStreet,15.787885381378224,17.516686516537646
1328,42446221,42428863,Broadway,10.462445709883873,13.491806944002557
1329,42438066,42428863,West125thStreet,20.57249104131806,25.168646875631968
1330,42453575,42446099,East98thStreet,32.718536344186056,44.83681767292716
1331,42446093,42446099,MadisonAvenue,8.89565694320876,12.036588078646435
1332,42453575,42443264,5thAvenue,6.4705793487911425,11.70703099679265
1333,42446093,42443264,East97thStreet,33.21856277088477,46.225893281295605
1334,42453591,42443492,FairviewAvenue,46.536320370370376,41.87041582278483
1335,42453586,42443492,FairviewAvenue,22.475891428571426,30.431626153846153
1336,42453591,42433350,BroadwayTerrace,31.310168813559322,35.124482656249995
1337,42453586,42433151,FortGeorgeHill,10.165023253968258,11.621862237762231
1338,42451932,42433151,FortGeorgeAvenue,14.55305,29.1592
1339,42433346,42433151,West193rdStreet,23.152148571428572,37.22299999999999
1340,42427769,42433151,SaintNicholasAvenue,7.6991373913043475,4.573457142857143
1341,42427773,42433151,WadsworthAvenue,16.942642499999998,15.22505
1342,42453674,42440313,5thAvenue,15.401470817552154,26.49806281660913
1343,42434346,42440313,GrandArmyPlaza,17.164055497833232,25.846948717825974
1344,42453674,42433870,DorisC.FreedmanPlace,14.849577401330755,22.04212883434083
1345,42453246,42453241,LenoxAvenue,16.55813841212744,18.10119531125828
1346,42442128,42453241,West124thStreet,28.01623416666667,32.63121201639345
1347,42439860,42453241,West124thStreet,44.59512824933682,56.25553441208199
1348,42438908,42453241,LenoxAvenue,12.308881225523287,15.53287583941606
1349,42453246,42446203,LenoxAvenue,18.793396566027084,22.85673820560255
1350,42436726,42446203,LenoxAvenue,15.317531373671304,18.261071895294887
1351,42434117,42446203,West126thStreet,49.19094206680586,67.49869466254967
1352,42453246,42444452,West125thStreet,71.39249596266043,88.89474813054504
1353,42444453,42444452,East125thStreet,23.780797120708762,28.71095987817561
1354,42434117,42444452,5thAvenue,14.867404981458602,24.96915803815844
1355,42453246,42439861,West125thStreet,51.98269324875394,66.63283484013232
1356,42439860,42439861,AdamClaytonPowellJr.Boulevard,14.58763580194064,17.91255233636363
1357,42435805,42439861,West125thStreet,56.006866839122935,72.95923412408756
1358,42453241,42453246,LenoxAvenue,16.143025995597352,22.435635390248585
1359,42446203,42453246,LenoxAvenue,20.488571899736137,21.805220981359636
1360,42444452,42453246,West125thStreet,50.78811186820215,72.22449251019653
1361,42439861,42453246,West125thStreet,53.43778280047365,73.35053560090701
1362,42453241,42438908,LenoxAvenue,16.782745331380458,19.03134784505789
1363,42453236,42438908,LenoxAvenue,13.245303314393947,16.22103367293503
1364,42438906,42438908,West123rdStreet,24.914798555555556,29.67919579613592
1365,42454214,42422860,East27thStreet,39.97556083333333,100.53821769230764
1366,42453175,42444829,AvenueA,19.387952857620327,16.433680616404313
1367,42444827,42444829,East6thStreet,65.05302272161404,57.948155599310894
1368,42434215,42444829,AvenueA,22.420530847733108,20.865985243089906
1369,42453160,42444835,AvenueD,15.836302710510127,15.919064116766474
1370,42444833,42444835,East6thStreet,56.723393399846536,45.78285930146145
1371,42434237,42444835,AvenueD,10.23786165623696,9.980671836363637
1372,42453158,42453156,East5thStreet,39.881918949115025,47.965360019569474
1373,42453158,42444833,AvenueC,14.172130607128858,11.705563604123723
1374,42444832,42444833,East6thStreet,55.49681860841425,54.70007767719572
1375,42434233,42444833,AvenueC,15.03082393306701,10.639868705422577
1376,42453226,42452564,LenoxAvenue,9.739878026163908,10.811744719034431
1377,42453220,42452564,LenoxAvenue,12.870003918099096,14.911794133584475
1378,42439851,42452564,West118thStreet,47.910849859471604,53.28081147323545
1379,42453226,42429727,LenoxAvenue,14.204451857627127,15.954958185582822
1380,42445215,42429727,LenoxAvenue,9.770089920273351,11.111031085891883
1381,42429732,42429727,West120thStreet,48.21241799472294,52.54565513888893
1382,42453757,42435943,HamiltonPlace,11.016793788968826,11.219479824175824
1383,42435940,42435943,West138thStreet,32.14632281437125,38.236663027888454
1384,42453253,42451564,LenoxAvenue,14.904774715762274,20.285706029411767
1385,42453251,42451564,LenoxAvenue,13.134493249999998,18.096136072680913
1386,42438984,42451564,West129thStreet,50.26445424721733,65.43929111697453
1387,42453253,42448141,West130thStreet,48.53262003395587,72.03365716945997
1388,42438235,42448141,5thAvenue,14.114130989143545,18.228733855820106
1389,42453253,42438236,LenoxAvenue,15.376849785859951,18.780686737896488
1390,42438235,42438236,West131stStreet,47.70370702179177,59.154202007299226
1391,42429532,42438236,LenoxAvenue,14.592481310615986,18.629254473953022
1392,42453220,42437177,LenoxAvenue,10.588052867054195,11.993128522033901
1393,42446772,42437177,LenoxAvenue,13.243991937920839,15.868417385592615
1394,42437174,42437177,West116thStreet,53.258804236970406,63.56963145754119
1395,42453251,42448979,West128thStreet,50.3925559139785,73.55280757575758
1396,42438984,42448979,5thAvenue,14.45248102150537,19.167944214108925
1397,42453251,42436726,LenoxAvenue,14.190264602991949,18.842932671629445
1398,42446203,42436726,LenoxAvenue,16.470973355834126,20.874595013509463
1399,42436724,42436726,West127thStreet,43.154454760383395,55.721217305208775
1400,42453417,42445711,WestStreet,15.97423696250988,22.74453680986131
1401,42440918,42445711,WestStreet,29.90307108729834,37.29468030960803
1402,42436056,42445711,NorthMooreStreet,30.406169280237798,42.91872314194865
1403,42453417,42436052,HarrisonStreet,42.139493277671775,45.28807756385692
1404,42436055,42436052,GreenwichStreet,16.302165682382142,18.940610223399514
1405,42453601,42437339,1stAvenue,18.390704393456453,16.582041334830784
1406,42437343,42437339,East3rdStreet,54.51151698471939,50.965268504618976
1407,42436475,42445225,5thAvenue,9.574422086589252,17.488316495037395
1408,42445227,42445225,East71stStreet,29.444295037611933,35.60431223168871
1409,42436475,42436477,East72ndStreet,26.983300186120434,36.543399529295186
1410,42445227,42436477,MadisonAvenue,9.755324051649039,10.906009166295457
1411,42436481,42436477,East72ndStreet,33.268586882464284,36.01458556141897
1412,42453038,42453036,FranklinStreet,13.108116684038574,16.135671499212222
1413,42445700,42453036,WestBroadway,9.818026785238878,10.611638205235165
1414,42453038,42448162,VarickStreet,12.683471451975748,15.792000498482714
1415,42453036,42448162,WestBroadway,11.676466572982779,15.053870330802608
1416,42448171,42448162,LeonardStreet,37.90281272537624,41.40713550283859
1417,42453036,42453038,FranklinStreet,11.885556458087366,13.193904166666664
1418,42445702,42453038,VarickStreet,10.508219192950854,13.03415123081709
1419,42436333,42453038,FranklinStreet,57.894635885947075,64.38525338409912
1420,42453036,42430115,FranklinStreet,35.22633849817064,43.0249687190963
1421,42448171,42430115,ChurchStreet,12.664866629364596,17.589346189654126
1422,42453472,42439099,WestStreet,8.056894551610219,9.626311637442408
1423,42453216,42446772,LenoxAvenue,12.818021650147335,14.650105263065884
1424,42437177,42446772,LenoxAvenue,10.913132972644386,13.190610686612956
1425,42435387,42446772,West115thStreet,49.478008554572256,63.572635114307744
1426,42453216,42431200,LenoxAvenue,10.670801970983725,12.219341442765485
1427,42437204,42431200,LenoxAvenue,11.360347989762687,11.920994225424604
1428,42453008,42453011,East40thStreet,28.37786241596707,36.929733948588535
1429,42445667,42453011,1stAvenue,9.265116270695463,13.319012542095484
1430,42453236,42442123,West122ndStreet,27.528142418936444,34.27799926308036
1431,42438906,42442123,MountMorrisParkWest,8.588746243365447,9.990786730174573
1432,42424932,42437071,AttorneyStreet,22.127676155136257,22.62318190690691
1433,42437067,42437071,RivingtonStreet,20.81946963713269,17.75901016893283
1434,42453187,42442913,East33rdStreet,55.37157155131587,51.979565414695394
1435,42442914,42442913,2ndAvenue,12.33105510324593,13.368269097262766
1436,42453183,42445369,ParkAvenue,22.27109703088006,27.54500399560776
1437,42445374,42445369,East34thStreet,44.840259945614825,58.1469946559235
1438,42445365,42445369,East34thStreet,45.853307617608024,52.88853640562458
1439,42434951,42445369,ParkAvenue,16.747291864596527,19.861252612410244
1440,42453166,42444827,1stAvenue,12.891256732404516,10.88725998213571
1441,42442851,42444827,East6thStreet,61.637056250714494,46.800627685634744
1442,42453166,42442850,East5thStreet,66.13261293103447,61.65016397719421
1443,42442851,42442850,2ndAvenue,18.378016655165638,17.20686945699865
1444,42453310,42440323,ParkAvenueSouth,21.75899552653585,23.297713121686677
1445,42448693,42440323,ParkAvenueSouth,17.631582401939554,16.217132288592044
1446,42428198,42440323,East22ndStreet,62.932761678762034,68.96907433026281
1447,42453310,42428192,East21stStreet,71.22066019954248,78.59262309447122
1448,42428198,42428192,Broadway,16.713972320515108,14.669121396062314
1449,42453104,42446528,4thAvenue,22.074136200083398,21.54319226202827
1450,42428489,42446528,East12thStreet,42.36474208667097,39.415893575653314
1451,42453258,42439887,West135thStreet,37.86405745192306,43.86405046791446
1452,42439891,42439887,AdamClaytonPowellJr.Boulevard,16.77300977229601,19.37193717261903
1453,42436003,42439887,AdamClaytonPowellJr.Boulevard,16.27214162130863,17.119503371675062
1454,42435844,42439887,West135thStreet,45.23560443131462,43.96989049034176
1455,42453258,42437801,West135thStreet,25.99325363825364,32.2427303595724
1456,42437928,42437801,West135thStreet,21.97534446839081,26.99670474144788
1457,42435993,42437801,LenoxTerracePlace,28.551352666666673,32.662125
1458,42453258,42436001,LenoxAvenue,17.183449084802678,20.759611080858093
1459,42436003,42436001,West134thStreet,38.32057005758158,50.769353136531365
1460,42434110,42436001,LenoxAvenue,16.602784864181913,18.887843566210037
1461,42453258,42434361,LenoxAvenue,15.400941346031749,18.16824564231739
1462,42445587,42434361,LenoxAvenue,14.445494615384614,20.019363311965808
1463,42439891,42434361,West136thStreet,42.003245121951224,51.03384130208333
1464,42453624,42428212,West25thStreet,12.906509504730675,13.252571738444926
1465,42428216,42428212,Broadway,21.57769484551136,21.289223032057922
1466,42430945,42444837,FDRDrive,49.941114484126956,51.858524521072766
1467,42444835,42444837,East6thStreet,45.58226916737834,46.1551229245881
1468,42430942,42446584,AvenueD,21.73792438073397,33.21220878228781
1469,42436959,42446584,AvenueD,10.559091113707165,10.875986200128699
1470,42430942,42421828,East10thStreet,17.408120565371025,17.547047814726838
1471,42430938,42421828,East10thStreet,30.15961955071663,28.020586862803977
1472,42421837,42421828,SzoldPlace,17.69979983673469,32.055375411764714
1473,42452817,42452816,WorthStreet,35.07677004029427,37.02396676213209
1474,42448162,42452816,WestBroadway,12.657624585571925,17.167052734315213
1475,42430571,42452816,WorthStreet,41.782714751677865,41.833816758379214
1476,42452817,42448171,ChurchStreet,12.143580241167408,16.81948837628491
1477,42428417,42448171,LeonardStreet,45.408775565554286,59.82406029845855
1478,42452817,42428411,WorthStreet,42.87292589763069,59.094081443831854
1479,42445466,42428411,WorthStreet,38.516716430305344,48.93341585629777
1480,42428417,42428411,Broadway,14.335396380927465,19.854660250501002
1481,42452816,42452817,WorthStreet,32.221227101737256,42.95399840970351
1482,42429830,42452817,ChurchStreet,11.728631578838403,15.802221802113216
1483,42428411,42452817,WorthStreet,41.53890076792774,51.58764854073408
1484,42452816,42430571,WorthStreet,27.05311353771506,23.66160758265584
1485,42445357,42430571,HudsonStreet,23.379021196621327,26.782196105967113
1486,42437461,42430571,JayStreet,12.903645364660376,14.269339196379594
1487,42430521,42430571,DuaneStreet,12.452587487623761,14.782264674556206
1488,42429832,42430571,ThomasStreet,22.54568429164007,26.02345978628861
1489,42452816,42429832,WestBroadway,10.833334784190015,14.834155263096894
1490,42429830,42429832,ThomasStreet,33.1650204609413,34.23314984821105
1491,42453477,42431511,WestStreet,21.365173839090506,22.82424900078679
1492,42452620,42457292,BeekmanStreet,7.588684419610674,9.927323054692774
1493,42452973,42445908,East36thStreet,43.51836045599169,52.24018505130498
1494,42434948,42445908,MadisonAvenue,14.469705045976395,20.957542659023908
1495,42452973,42434946,5thAvenue,16.44808675134465,19.26968055272247
1496,42434948,42434946,East35thStreet,48.38101348638317,78.98208082739356
1497,42452598,42457421,West4thStreet,25.405368413594328,20.067438305620215
1498,42431812,42457421,PerryStreet,38.459877537123276,35.36214048761408
1499,42452598,42431805,CharlesStreet,48.22303535907151,38.51745074586172
1500,42431812,42431805,BleeckerStreet,24.05695237929749,20.322472501298133
1501,42452936,42446424,DelanceyStreet,9.826771825764595,9.122780474340297
1502,42452936,42424641,FDRDrive,5.531462365652477,6.523298876684843
1503,42453000,42444055,1stAvenue,11.005535139603325,16.722945078765406
1504,42453007,42442935,East40thStreet,32.60119468495892,38.288167423192384
1505,42432464,42442935,2ndAvenue,12.697295922881056,16.215160813907968
1506,42453007,42432458,TunnelExitStreet,11.503424227532305,16.615937300631305
1507,42432451,42432458,East41stStreet,20.020380201158094,23.914651319255466
1508,42432464,42432458,East41stStreet,21.188356627536823,21.92776820853744
1509,42452809,42448726,5thAvenue,9.158793894218077,13.2664940547226
1510,42452956,42443029,East81stStreet,52.12088904033382,61.43269001426535
1511,42439406,42443029,2ndAvenue,12.3220907808553,14.187360137756786
1512,42452956,42439409,1stAvenue,9.561679343763368,10.860352371184774
1513,42439406,42439409,East82ndStreet,53.73515195916112,59.05230975389326
1514,42452613,42453468,WestStreet,9.617830889737872,11.36218158317323
1515,42452812,42446072,East93rdStreet,34.79844889087203,40.39791911400248
1516,42446070,42446072,MadisonAvenue,8.610017728048314,10.307669886827057
1517,42452564,42453226,LenoxAvenue,12.36468736869747,14.512127367696536
1518,42429727,42453226,LenoxAvenue,9.678500533486858,10.83787551198256
1519,42435207,42453226,West119thStreet,60.31611309335439,73.6148699874948
1520,42452564,42453220,LenoxAvenue,9.499521521177172,10.880684905471645
1521,42449828,42453220,West117thStreet,52.514457320872275,65.05087868999549
1522,42437177,42453220,LenoxAvenue,14.801202718413988,16.781412588803633
1523,42452564,42439485,West118thStreet,62.72491225407532,69.56427971440576
1524,42435207,42439485,5thAvenue,11.029934836743578,13.274830485048671
1525,42451754,42428024,East81stStreet,52.31015151241538,54.54763589936166
1526,42428022,42428024,YorkAvenue,15.96825321325867,15.853952123809517
1527,42428027,42428024,YorkAvenue,10.308677984801081,13.127506024760606
1528,42451744,42424142,FDRDrive,8.205142036147372,13.23946452868782
1529,42452814,42444506,1stAvenue,9.425625084599169,12.230861404475801
1530,42443052,42444506,East94thStreet,42.05889240165062,47.59452084959816
1531,42452814,42443050,East93rdStreet,39.247330503751314,55.185368382249386
1532,42443052,42443050,2ndAvenue,11.000253354519772,11.72598175842073
1533,42452951,42438485,5thAvenue,9.148755983641836,17.68908323095916
1534,42452882,42436714,1stAvenue,11.20431657957942,18.288083101435163
1535,42436716,42436714,East53rdStreet,60.58119157250467,60.53689768625416
1536,42452630,42444223,GouverneurLane,10.804077558857148,14.83832966628309
1537,42444230,42444223,SouthStreet,5.321132991173584,7.770754132181837
1538,42452630,42421946,FrontStreet,8.524673554957724,12.469599222139127
1539,42440408,42447428,GrandStreet,23.87427694330948,26.48592933394161
1540,42451593,42447428,GrandStreet,13.616372204148032,18.290042071713163
1541,42432095,42447428,SuffolkStreet,40.834720617005296,45.30281142857145
1542,42440408,42433551,ClintonStreet,45.76431131934035,45.66626428571431
1543,42435928,42433551,ClintonStreet,17.308662325883333,18.638000799013568
1544,42433553,42433551,EastBroadway,21.948643223180063,19.66607527117032
1545,42433550,42433551,EastBroadway,15.105918195707526,18.282322259953162
1546,42440408,42432094,ClintonStreet,22.472941929946646,27.766644561403517
1547,42452310,42452314,CarlisleStreet,20.75342554346848,30.24814526565148
1548,42446640,42452314,WestStreet,14.049864182744214,19.981202936732785
1549,42452310,42446632,WashingtonStreet,21.918350749163885,23.0379543620178
1550,42446640,42446632,RectorStreet,19.007218968735412,25.404611726671554
1551,42452556,42437465,MarketSlip,8.950382480426457,9.604413271062812
1552,42437481,42437465,CherryStreet,14.46630138348741,18.25682178603807
1553,42430477,42434894,ParkAvenue,10.206744643644374,11.909443783524909
1554,42434895,42434894,East103rdStreet,26.082782992748836,30.95628031393066
1555,42430477,42430474,East102ndStreet,36.78702034662045,45.43244496734536
1556,42438963,42430474,MadisonAvenue,8.639569754591138,10.310899627491997
1557,42445505,42435485,JerseyStreet,11.304504942528741,8.934320199063231
1558,42435477,42435485,MulberryStreet,19.34181986010259,18.31899313027096
1559,42452290,42447308,West110thStreet,24.074416067005075,25.43932278131007
1560,42447303,42447308,ManhattanAvenue,12.685413966054355,15.531238554671136
1561,42446733,42447308,ManhattanAvenue,18.553312558349635,22.029189305999136
1562,42435359,42447308,CathedralParkway,40.644413893433054,56.68751105664489
1563,42452290,42435343,CentralParkWest,8.625100521235517,10.24638160485934
1564,42435341,42435343,CentralParkWest,14.154953718756158,14.569944721889273
1565,42452290,42433756,FrederickDouglassCircle,10.562117156115193,12.943637276699178
1566,42435743,42433756,8thAvenue,12.35547750527427,15.040609510228176
1567,42433743,42433756,CentralParkNorth,44.640992743554094,54.09168138383296
1568,42452365,42443534,10thAvenue,10.235615377337275,13.454798689822585
1569,42430694,42443534,West48thStreet,65.97161876698017,69.31627055355386
1570,42452006,42454642,WashingtonStreet,21.43300585809637,22.184216228336616
1571,42452006,42452008,BarrowStreet,23.532418495224558,25.51794379523965
1572,42452084,42451593,GrandStreet,15.823564464334885,22.871096898424764
1573,42447428,42451593,GrandStreet,25.79780121076233,27.704539632623057
1574,42452084,42445617,EssexStreet,40.832998003424656,34.675481494122074
1575,42440785,42445617,EssexStreet,40.42237573286644,37.047348978240315
1576,42440682,42445617,HesterStreet,11.582938293706293,13.746159260563376
1577,42452084,42440686,GrandStreet,26.693275683518454,25.987588269230763
1578,42452076,42440686,GrandStreet,17.983857327253585,20.943336018604644
1579,42432102,42440686,LudlowStreet,36.02120817130847,42.67087200791296
1580,42452067,42451660,GrandStreet,26.15937888013379,26.29631428571429
1581,42429643,42451660,GrandStreet,27.661574210526318,32.2176555427016
1582,42452067,42445603,ChrystieStreet,39.70097275721285,46.005059409763724
1583,42452396,42440553,LaguardiaPlace,25.05248330490406,22.783136732647826
1584,42440545,42440553,West3rdStreet,57.325632849660636,57.03193180973962
1585,42452396,42433587,WashingtonSquareSouth,26.546583379617502,24.086065058863557
1586,42452040,42449570,GrandStreet,30.637694047671896,42.843618733784226
1587,42432156,42449570,MercerStreet,28.411198291876698,47.93374705148658
1588,42452040,42432152,GreeneStreet,35.72109549558082,53.15249072100316
1589,42432156,42432152,BroomeStreet,20.545118345716407,34.64018539078158
1590,42422026,42437401,SouthEndAvenue,18.083183888987726,23.258810245934146
1591,42440639,42437401,SouthEndAvenue,15.938087305660376,15.887171285735464
1592,42437410,42437401,AlbanyStreet,46.6687419021739,62.83829122641506
1593,42452048,42445489,GrandStreet,30.147515222822786,38.654195582342076
1594,42432165,42445489,LafayetteStreet,35.110107056142915,44.55643128806507
1595,42452048,42432161,CrosbyStreet,45.629484621956436,52.48052709775487
1596,42432165,42432161,BroomeStreet,25.04011286649344,32.95251165914686
1597,42429974,42429971,East63rdStreet,39.71379618952351,49.117820860035295
1598,42445961,42429971,MadisonAvenue,10.067203516870704,13.605066299542509
1599,42452353,42434072,5thAvenue,16.824048035274412,25.907865167719056
1600,42430347,42434072,West46thStreet,93.92741340180038,131.38370218544628
1601,42452353,42430350,West47thStreet,84.53736453566424,146.0210623101575
1602,42430347,42430350,6thAvenue,12.601621176743588,18.35968073256024
1603,42451660,42445627,ForsythStreet,37.86217332628236,36.34615403660886
1604,42451660,42432111,ForsythStreet,25.647633349251844,25.141582570871712
1605,42451660,42429643,GrandStreet,29.49913149670681,27.393407442537093
1606,42437996,42429643,GrandStreet,23.954794263537234,30.85819179715301
1607,42429641,42429643,EldridgeStreet,20.351707330913364,22.248761600241558
1608,42452117,42437786,GrandStreet,17.60147844669118,13.15347020892688
1609,42427744,42437786,MadisonStreet,12.95699571070235,27.291662051282067
1610,42423295,42437786,GrandStreet,18.095607154632862,19.54940194649613
1611,42452117,42435550,LewisStreet,21.12080533734136,36.6924366037736
1612,42435544,42435550,DelanceyStreet,33.02735755705093,31.447727411376746
1613,42452117,42427742,GrandStreet,12.13791665230969,13.08635152129816
1614,42427744,42427742,JacksonStreet,14.774720495636997,21.51102411646585
1615,42452015,42440838,VarickStreet,10.849441984845202,14.542900319408275
1616,42439550,42440838,CanalStreet,18.643256455902463,25.06968668132513
1617,42426089,42440838,CanalStreet,47.196467279670976,58.54546162818377
1618,42452015,42439551,GrandStreet,27.01955443439109,32.065591986214216
1619,42436761,42439551,6thAvenue,12.837724837308633,18.817559469749288
1620,42451564,42453253,LenoxAvenue,14.016478715509043,18.75457114227085
1621,42439878,42453253,West130thStreet,39.445412427745644,51.328772201721975
1622,42438236,42453253,LenoxAvenue,13.441457228607916,20.196889376257552
1623,42451564,42453251,LenoxAvenue,14.612184282460131,18.466032718614727
1624,42439868,42453251,West128thStreet,40.155326053639854,55.16138910112361
1625,42436726,42453251,LenoxAvenue,13.226285955362007,17.646232769981705
1626,42451564,42439873,West129thStreet,40.61663464840184,50.81896331018518
1627,42439878,42439873,AdamClaytonPowellJr.Boulevard,11.444267835570464,14.285077275204351
1628,42439868,42439873,AdamClaytonPowellJr.Boulevard,13.052466793456032,15.110817363286273
1629,42426747,42444360,WhitehallStreet,10.0036466045066,14.850771031626508
1630,42444480,42444360,WhitehallStreet,9.51928418471056,12.29025790618626
1631,42433834,42444360,MooreStreet,7.004911352364474,12.067652442420995
1632,42431889,42444360,PearlStreet,17.239250140879882,21.725471676952548
1633,42426747,42433834,NewYorkPlaza,11.549278538514864,18.194653645352336
1634,42445569,42433834,WaterStreet,12.400221347667234,13.857288077803204
1635,42431902,42433834,BroadStreet,11.286577082373658,18.08602601717148
1636,42451593,42452084,GrandStreet,22.587368498641304,22.938859405339798
1637,42445617,42452084,EssexStreet,30.60145328129437,36.16817620160981
1638,42440686,42452084,GrandStreet,16.567593717800854,19.354626741154572
1639,42432099,42452084,EssexStreet,37.068716801122434,35.85799671567613
1640,42451593,42432097,NorfolkStreet,21.898580023682666,21.021812020972355
1641,42432099,42432097,BroomeStreet,6.861866639045712,7.743168796514367
1642,42432095,42432097,BroomeStreet,22.17442546056992,20.603126275659815
1643,42451540,42453717,OldBroadway,13.266980353606785,17.76500313852815
1644,42442584,42453717,West125thStreet,40.6181721549637,45.16555698024458
1645,42428863,42453717,West125thStreet,13.536170154937727,16.693075079264418
1646,42451540,42446221,West126thStreet,15.68271179571664,22.150816688668872
1647,42428863,42446221,Broadway,10.91566028454,15.301261582259505
1648,42428869,42446221,Broadway,12.311049256000006,14.8087295521699
1649,42452056,42437589,GrandStreet,30.90249311754581,31.6886799419328
1650,42437580,42437589,TheBowery,43.489360402860136,36.818483582461404
1651,42432184,42437589,TheBowery,28.100482940397857,37.64303571636668
1652,42452056,42432181,ElizabethStreet,34.21760204761906,33.97237351994639
1653,42432184,42432181,BroomeStreet,30.31727350845316,35.650660579634476
1654,42451773,42445757,EastEndAvenue,14.57076464735515,18.804559810298095
1655,42436556,42445757,EastEndAvenue,9.243315949008498,13.00051897235409
1656,42428043,42445757,East88thStreet,36.09644946290032,44.37477692403486
1657,42451773,42429348,EastEndAvenue,9.467658797050836,11.65569203964758
1658,42451766,42429348,EastEndAvenue,20.05682182373473,20.130756082045192
1659,42429346,42429348,East86thStreet,8.754634444037597,10.936963544818052
1660,42451773,42428039,East87thStreet,48.0600867718447,50.9269914654571
1661,42428043,42428039,YorkAvenue,10.616615042647442,12.449402633240053
1662,42428037,42428039,YorkAvenue,16.053948019914642,17.413310234571938
1663,42451712,42446398,FDRDrive,11.68305552616303,11.700691742966098
1664,42442794,42446398,ManginStreet,11.957097637681155,17.199136945107398
1665,42451736,42445644,10thAvenue,7.7680613793103435,11.509145
1666,42451695,42446668,10thAvenue,20.04624885094534,34.47944840775945
1667,42452008,42436903,WestStreet,6.090191865596181,7.207163442624411
1668,42436894,42436903,ChristopherStreet,20.99971079883805,20.58757603766184
1669,42452107,42433554,EastBroadway,16.470321989781823,15.489239406314757
1670,42433553,42433554,EastBroadway,6.890575020920505,7.534089240669238
1671,42427335,42433554,SamuelDicksteinPlaza,19.993896422697365,15.137831939890711
1672,42452107,42427335,GrandStreet,20.093034091072933,21.18098979688237
1673,42433554,42427335,SamuelDicksteinPlaza,11.692458730091126,11.8045556355893
1674,42452026,42433574,GrandStreet,29.392972571682588,42.25023407575755
1675,42432148,42433574,WoosterStreet,34.70512377151225,48.846674362267464
1676,42452026,42432142,WestBroadway,49.247225356828224,61.8045622341251
1677,42442276,42432142,WestBroadway,45.24158673679,54.03488077587286
1678,42432148,42432142,BroomeStreet,21.5890264169548,30.29628207964129
1679,42451370,42452994,MorrisStreet,12.641408058608048,16.93501509116409
1680,42421972,42428570,Broadway,20.552074747118283,25.633167928335318
1681,42421972,42421969,West61stStreet,29.488397981502533,33.26756927299702
1682,42451932,42433346,AudubonAvenue,20.025575833333328,34.64685000000001
1683,42427768,42433346,AudubonAvenue,17.315008846153845,25.165945000000004
1684,42451766,42428034,East85thStreet,54.09784609375001,61.260005203588754
1685,42428032,42428034,YorkAvenue,15.288600592251079,14.86119397737982
1686,42428037,42428034,YorkAvenue,11.37803080763633,14.771271738386302
1687,42451674,42437686,5thAvenue,14.506613721410902,12.756391410521735
1688,42428227,42437686,West30thStreet,66.66704693368787,79.81007713086531
1689,42451674,42428232,West31stStreet,84.87645429074894,117.19847685387937
1690,42428234,42428232,Broadway,33.46784669606657,38.54129462842371
1691,42451231,42451280,FDRDrive,61.94392288912141,78.82880315847385
1692,42421775,42421772,West80thStreet,39.88626073419443,47.98003849359929
1693,42442463,42421772,AmsterdamAvenue,11.575501582253544,12.566695608137556
1694,42421749,42431118,WestEndAvenue,11.04704006782443,12.417509322939587
1695,42431116,42431118,WestEndAvenue,9.377785586340206,11.090727414586077
1696,42421749,42421751,West106thStreet,22.97394157480315,22.378562330911112
1697,42437920,42421751,RiversideDrive,11.121187538736589,14.635322008776214
1698,42421741,42432756,AmsterdamAvenue,9.877835010863349,12.201586142773145
1699,42432744,42432756,West107thStreet,47.3515152969121,56.85058432192961
1700,42421741,42421737,West106thStreet,46.56943060238682,50.84834975294827
1701,42432744,42421737,ColumbusAvenue,9.741088855964405,11.265445250850856
1702,42421731,42421737,West106thStreet,23.337526879271078,26.395952398250923
1703,42430749,42430747,11thAvenue,8.228951436265952,11.232420779890905
1704,42450352,42430747,West58thStreet,33.547239605067055,42.010095234312956
1705,42430745,42430747,11thAvenue,14.356693420599091,14.9848960876919
1706,42449163,42449166,JumelTerrace,14.369831860465114,17.560817468354422
1707,42433017,42449166,West162ndStreet,22.218546119402976,23.874134725274725
1708,42449163,42446919,JumelTerrace,8.24393777777778,7.667281506849314
1709,42432999,42446919,West160thStreet,14.853678190954778,22.886162012578612
1710,42430004,42429562,ChurchStreet,14.895851334365323,19.660160091497087
1711,42443832,42437746,PearlStreet,52.9395,56.93773333333333
1712,42444277,42437746,PearlStreet,15.77553525317637,20.15332033370589
1713,42438218,42427196,West183rdStreet,14.78211863636364,17.199822424242427
1714,42427206,42427196,FortWashingtonAvenue,20.831583271604934,20.94073039603961
1715,42430953,42427196,West183rdStreet,13.22898274193549,17.957594444444442
1716,42427190,42427196,FortWashingtonAvenue,14.294353434642279,19.927980326086953
1717,42451126,42445420,FDRDrive,30.24364470450966,27.987834644459
1718,42445417,42445420,East30thStreet,46.567323312312574,47.61049094086685
1719,42450814,42449691,FDRDrive,8.215526755115441,11.06502839842026
1720,42450809,42450688,FDRDrive,7.933968987247513,7.695449277870831
1721,42450809,42432548,FDRDrive,4.741511105159484,6.514187455431472
1722,42425348,42441535,RiversideDrive,39.501661335824366,41.558514570904094
1723,42437058,42441535,RiversideDrive,8.49493345778088,8.914890829249906
1724,42431067,42441535,West91stStreet,32.98007701107011,30.233490315612308
1725,42450688,42450699,FDRDrive,28.80533820004499,30.701659453130898
1726,42450456,42456708,5thAvenue,9.035563695927598,13.464166118606384
1727,42446132,42456708,East105thStreet,29.2742616796875,29.633222491408933
1728,42450456,42446138,East106thStreet,27.999872285027067,34.57763200260078
1729,42446132,42446138,MadisonAvenue,9.234107113893597,10.958694436442542
1730,42451018,42439191,AvenueC,29.069646584758495,20.638048674798306
1731,42438362,42439191,East20thStreet,24.47281948994122,34.282341369912785
1732,42428010,42438805,East73rdStreet,52.01585403824522,56.072998704247944
1733,42436492,42438805,1stAvenue,10.235730515496806,12.918042324186956
1734,42428010,42428007,YorkAvenue,9.350718579428623,14.683211096899226
1735,42436492,42428007,East72ndStreet,41.96145888224329,58.66739014376599
1736,42428005,42428007,YorkAvenue,15.602560853545391,21.764296152693934
1737,42428007,42436492,East72ndStreet,56.96515087846846,64.58774454395717
1738,42445247,42436492,1stAvenue,10.039826367439682,12.655245830191749
1739,42436489,42436492,East72ndStreet,46.13594350276392,52.52268092202402
1740,42428007,42428010,YorkAvenue,16.665243299802448,21.869513526607413
1741,42428012,42428010,YorkAvenue,10.62434680649985,15.685030153070938
1742,42428007,42428005,YorkAvenue,10.522595850634954,19.155704790242698
1743,42428003,42428005,YorkAvenue,13.97160750440048,19.554103536992635
1744,42427030,42428005,East71stStreet,39.227336258830206,44.61099235263565
1745,42432068,42432071,StantonStreet,21.868344062097574,21.449884462151388
1746,42437082,42432071,NorfolkStreet,39.07512486370161,34.857551213623616
1747,42451409,42422270,FDRDrive,38.97386346808119,52.831561163092644
1748,42450275,42455337,AudubonAvenue,14.124623298969064,19.894529736842102
1749,42437942,42455337,AudubonAvenue,14.290928461538464,14.70025
1750,42433115,42455337,West190thStreet,28.474486388888877,36.1937275
1751,42450275,42455335,AudubonAvenue,12.764470555555556,11.445485555555555
1752,42436288,42455335,AudubonAvenue,11.734705260416668,15.755882441860466
1753,42433097,42455335,West188thStreet,25.26083884057971,33.275341
1754,42450275,42433107,West189thStreet,25.59571534482759,33.127944
1755,42433115,42433107,SaintNicholasAvenue,14.11474235294117,19.958219354838715
1756,42433097,42433107,SaintNicholasAvenue,14.445693541666666,17.128024918032786
1757,42451280,42424145,FDRDrive,31.228100754777586,42.29333035818761
1758,42439029,42438228,12thAvenue,6.232772393761867,8.582899056069955
1759,42429541,42438228,12thAvenue,13.39126460076046,13.637053055555556
1760,42428873,42438228,West131stStreet,32.16296644844518,40.16737940552019
1761,42439029,42438066,West125thStreet,13.668474717948722,15.061318432343235
1762,42446221,42438066,West129thStreet,18.91812302794023,21.540503443443445
1763,42428863,42438066,West125thStreet,21.513273873444533,25.01071425913163
1764,42425088,42438066,SaintClairPlace,11.567289457749665,15.033777429943953
1765,42439029,42428869,West130thStreet,27.80549914590748,40.15107307692309
1766,42428873,42428869,Broadway,12.489953354231975,12.733482749213008
1767,42439029,42425088,12thAvenue,10.119812296037301,13.882036386946394
1768,42424706,42425088,SaintClairPlace,19.464267576923078,22.45104743749999
1769,42450426,42445936,East54thStreet,51.384550192444784,78.66365997531663
1770,42436701,42445936,MadisonAvenue,12.96103275318105,21.63157862226837
1771,42450426,42436700,5thAvenue,15.724248304038026,26.474877730441648
1772,42436701,42436700,East53rdStreet,53.05029047496986,72.15005379929273
1773,42450434,42445033,West54thStreet,51.90737991616138,63.18649061997166
1774,42440960,42445033,9thAvenue,14.669358659730065,23.438877884615394
1775,42450434,42440966,10thAvenue,9.810527260921864,11.834572156711404
1776,42440960,42440966,West55thStreet,69.48139191423037,71.15101883317179
1777,42443336,42442432,West72ndStreet,55.148578800935624,53.80186342799028
1778,42428634,42442432,West72ndStreet,17.608850472963237,13.624616087354221
1779,42443336,42437384,ColumbusAvenue,13.133711257181721,17.08486922435742
1780,42435272,42437384,West71stStreet,41.619999338514965,49.825906694032184
1781,42450468,42443068,East106thStreet,32.249956703194194,33.38310349047389
1782,42450057,42443068,East106thStreet,38.82869955145118,40.95531641016199
1783,42443066,42443068,2ndAvenue,11.022828777457292,14.385515248149757
1784,42450468,42436653,1stAvenue,15.840095759568547,19.31827455954484
1785,42436651,42436653,East108thStreet,39.53038855334539,41.26643619469026
1786,42450468,42433513,East106thStreet,34.00229763819095,42.412903818181796
1787,42427012,42433513,FDRDrive,10.776251139578322,12.26966752959999
1788,42450341,42445039,West58thStreet,56.660660408276605,64.51827129326585
1789,42440934,42445039,9thAvenue,14.547752195090993,20.382548012681035
1790,42450341,42440935,10thAvenue,9.417625825720735,10.859340187387769
1791,42440934,42440935,West59thStreet,57.62306942639392,60.25197900694818
1792,42446190,42429530,East132ndStreet,29.194644880952378,36.05932579710147
1793,42437928,42429530,5thAvenue,41.21658882575757,44.61381032428359
1794,42429532,42429530,West132ndStreet,52.901465201900244,64.67277050438597
1795,42446184,42446187,MadisonAvenue,12.742384014521592,17.218207580543268
1796,42449938,42453999,East38thStreet,23.647233995676142,27.966925944460503
1797,42449938,42445661,3rdAvenue,11.814399663406475,16.795034150445918
1798,42445664,42445661,East39thStreet,24.00753850541679,33.2470503670151
1799,42449890,42455465,East16thStreet,34.439125599631,38.76316466601181
1800,42449890,42446875,3rdAvenue,13.675844247846605,13.310688533375547
1801,42446879,42446875,East17thStreet,32.260311172598165,32.69069493710021
1802,42437283,42446875,3rdAvenue,18.79415281713382,15.093904117316155
1803,42449890,42431459,3rdAvenue,20.33641074316895,16.043270685579195
1804,42440729,42431459,3rdAvenue,16.744570201265145,15.470115961861268
1805,42431461,42431459,East15thStreet,28.843111228406443,28.563213326292008
1806,42450071,42449840,3rdAvenue,10.043550956288836,12.552525201665738
1807,42443088,42449840,East117thStreet,28.207545516888434,30.14436964999998
1808,42450071,42447199,East116thStreet,17.047784226190473,21.68355402360105
1809,42447201,42447199,LexingtonAvenue,9.95610678601253,12.721245179402628
1810,42450055,42450057,3rdAvenue,9.11285491885051,10.845508951818315
1811,42447182,42450057,East106thStreet,28.33821717116125,30.51605028374893
1812,42443068,42450057,East106thStreet,23.54165482018348,26.903608165212088
1813,42450055,42447179,East105thStreet,14.236884155623512,16.07476564493268
1814,42447182,42447179,LexingtonAvenue,7.843031743258432,11.947781976158938
1815,42450066,42449422,3rdAvenue,8.890104861787128,10.720422232743688
1816,42447196,42449422,East112thStreet,31.31587309402792,34.15954345569152
1817,42450066,42447192,East111thStreet,18.945567542556482,20.81764559213016
1818,42447196,42447192,LexingtonAvenue,9.023183981683744,11.800190304902204
1819,42449942,42453007,East40thStreet,22.435139661884808,27.16717458291377
1820,42445664,42453007,TunnelExitStreet,11.609672011303607,15.514738469233668
1821,42449942,42432451,3rdAvenue,11.5499030879621,16.637180050101517
1822,42432444,42432451,East41stStreet,35.95174941575255,40.657592172964314
1823,42432458,42432451,East41stStreet,19.81108024609843,24.193712711438533
1824,42450044,42449007,3rdAvenue,10.690297624151636,12.34577311247042
1825,42443056,42449007,East97thStreet,35.42654148182027,46.46705662509742
1826,42450044,42447166,East96thStreet,31.145521455872164,40.60562900464755
1827,42447169,42447166,LexingtonAvenue,8.473920419170378,12.302058515943425
1828,42450089,42447208,East127thStreet,20.610510312500008,37.96322239999999
1829,42447209,42447208,LexingtonAvenue,12.30310313885648,19.230474592487603
1830,42450089,42443118,East127thStreet,27.32951692383778,48.305781960038054
1831,42450089,42426960,3rdAvenue,11.719327604166665,16.281883538461535
1832,42447209,42426960,East128thStreet,20.05279521645021,32.4027527405603
1833,42450035,42448735,3rdAvenue,8.906343543254174,10.627792620563369
1834,42447149,42448735,East92ndStreet,36.888808547602466,45.650885000518294
1835,42450035,42447144,East91stStreet,34.28017941001566,37.046742589088
1836,42447149,42447144,LexingtonAvenue,10.555815570111195,12.274174122267425
1837,42450083,42447207,East123rdStreet,15.926127026831038,18.09002758714971
1838,42438772,42447207,LexingtonAvenue,9.76850397380386,13.748832295876278
1839,42450083,42438774,3rdAvenue,10.403874086249171,14.170682854823001
1840,42438772,42438774,East124thStreet,21.607000290929818,22.694774438077868
1841,42449886,42453104,East11thStreet,42.053601325031956,33.96186530777997
1842,42449886,42446533,3rdAvenue,17.922936481670106,15.238106429646486
1843,42446528,42446533,East12thStreet,66.50216167249232,59.62118008956063
1844,42436941,42446533,3rdAvenue,21.56738958288408,17.632956348518725
1845,42449886,42430886,3rdAvenue,21.575344779665283,17.830842726116423
1846,42449017,42430886,3rdAvenue,17.501889037802414,14.312214608182428
1847,42450325,42439335,MacDougalStreet,25.32281930742489,27.12594774685384
1848,42439530,42439335,PrinceStreet,21.6239184844826,21.453411693681108
1849,42430160,42439335,6thAvenue,11.399643386219001,13.216908946757975
1850,42450061,42447187,East109thStreet,15.954986834199882,16.152613790401574
1851,42434384,42447187,LexingtonAvenue,8.037553318674878,11.188108223629849
1852,42450061,42434385,3rdAvenue,8.53914095587011,10.344811738998931
1853,42434384,42434385,East110thStreet,29.41817123314065,37.115487951515114
1854,42450057,42447182,East106thStreet,17.338998637586464,20.12293400261894
1855,42445823,42447182,LexingtonAvenue,7.704797323192929,10.440424232804228
1856,42450057,42445827,3rdAvenue,8.998134772927944,10.79129899190475
1857,42450820,42423296,FDRDrive,25.36820074440631,29.093080895995346
1858,42443127,42432083,ChrystieStreet,35.812054798477284,37.10083084819188
1859,42437113,42432083,ChrystieStreet,25.401940672489086,24.672812993389982
1860,42432082,42432083,StantonStreet,34.599062810873306,31.438205183919603
1861,42450489,42433298,WashingtonSquareNorth,36.75554160568747,36.28519107858384
1862,42449817,42433298,WashingtonSquareEast,19.42083303366986,17.673801061952513
1863,42450489,42433281,WashingtonSquareNorth,34.005920378069284,30.84565956313573
1864,42437951,42433281,MacDougalStreet,34.883449986147966,32.47410946067129
1865,42449947,42449948,3rdAvenue,14.506052616438165,19.587530347953404
1866,42446977,42449948,East44thStreet,40.195653399347016,47.62216182311257
1867,42449947,42446971,East43rdStreet,40.320086310054215,49.04367408054811
1868,42446977,42446971,LexingtonAvenue,14.285538389951215,19.088739346495665
1869,42450037,42447154,East93rdStreet,34.30437797347317,38.400890761499795
1870,42444495,42447154,LexingtonAvenue,11.094481048989852,13.28143419814188
1871,42450037,42444500,3rdAvenue,8.850394285618878,10.1006846768169
1872,42444495,42444500,East94thStreet,34.13125373106296,49.745555457646944
1873,42449945,42449947,3rdAvenue,15.850538433976155,20.755095901297807
1874,42442939,42449947,East43rdStreet,50.73119227538818,60.82135063458053
1875,42449945,42446959,East42ndStreet,44.01206022218359,62.7777884710899
1876,42446971,42446959,LexingtonAvenue,16.820699451782154,23.988604082562322
1877,42450030,42447136,East87thStreet,40.96744698077114,50.24217944014607
1878,42445738,42447136,LexingtonAvenue,10.2239883376607,12.351699046024315
1879,42450030,42445740,3rdAvenue,9.014908121125908,11.440126345610269
1880,42445738,42445740,East88thStreet,35.96604078350242,46.033933552167156
1881,42450028,42447132,East85thStreet,40.89037474687316,51.48488624684499
1882,42429334,42447132,LexingtonAvenue,11.529986004922195,14.40054379698865
1883,42450028,42429338,3rdAvenue,9.574453135543454,11.723772086526337
1884,42429334,42429338,East86thStreet,47.72466809303832,56.8122542338194
1885,42429340,42429338,East86thStreet,53.517612654406996,63.66035765459004
1886,42450025,42447115,East81stStreet,50.51013180769229,49.343728632694216
1887,42439399,42447115,LexingtonAvenue,10.663494046784304,13.259217896617287
1888,42450025,42439403,3rdAvenue,9.429813182415431,10.616023060029725
1889,42439399,42439403,East82ndStreet,37.889602813173276,47.633911321876724
1890,42449828,42437174,5thAvenue,10.46456698568874,12.961537447717904
1891,42446161,42437174,East116thStreet,24.36765311149313,27.6577273953686
1892,42437177,42437174,West116thStreet,65.62410573524505,75.9902158049497
1893,42450080,42445196,3rdAvenue,10.215390487298603,13.341019360658775
1894,42445189,42445196,East122ndStreet,25.4128393765586,31.887168448509488
1895,42450080,42429868,East121stStreet,8.41737974493623,10.888522409539457
1896,42449932,42449685,3rdAvenue,12.274966955768884,17.495938373667318
1897,42450015,42447105,East79thStreet,36.015976830041275,43.88237082731762
1898,42438498,42447105,LexingtonAvenue,11.680972023159747,15.224320117331931
1899,42450015,42438503,3rdAvenue,10.296855911975728,11.780099627224901
1900,42438498,42438503,East80thStreet,32.903751970820565,44.423856759163094
1901,42449971,42448321,3rdAvenue,13.102001488392176,20.235399807872287
1902,42447009,42448321,East59thStreet,45.71867017466947,83.81199932670476
1903,42449971,42442961,East58thStreet,56.57840414386671,75.95888659347456
1904,42424098,42442961,2ndAvenue,16.467400912274744,28.319562282658712
1905,42449954,42448813,3rdAvenue,13.13395266485791,18.823807294874914
1906,42446987,42448813,East48thStreet,47.92567582615658,56.491444202378496
1907,42449954,42446986,East47thStreet,46.434087644064206,61.16417630105994
1908,42446987,42446986,LexingtonAvenue,15.658107015597055,21.588396636425323
1909,42449963,42448379,3rdAvenue,12.516163999448153,21.28084107731164
1910,42442959,42448379,East55thStreet,66.05733574511578,89.08530952586676
1911,42449963,42442957,East54thStreet,57.83359681833604,67.96361326398906
1912,42442959,42442957,2ndAvenue,13.556401683554895,17.31029549118603
1913,42449926,42449314,3rdAvenue,11.858033093874226,17.118970469258375
1914,42446934,42449314,East32ndStreet,46.09019115654951,48.334822796409426
1915,42449926,42446933,East31stStreet,48.37797926319786,51.02885438756128
1916,42446934,42446933,LexingtonAvenue,14.436137503742227,14.885909890077667
1917,42449991,42447076,East69thStreet,44.317696730167825,51.048942960948295
1918,42429688,42447076,LexingtonAvenue,10.822307525333144,18.619714225089506
1919,42449991,42429690,3rdAvenue,9.678135280212524,11.487576681976874
1920,42429688,42429690,East70thStreet,37.52220276993955,44.61600701624547
1921,42449985,42447235,3rdAvenue,10.153325579769056,13.562038052569804
1922,42442983,42447235,East66thStreet,55.11389855373334,58.29159169516364
1923,42449985,42442977,East65thStreet,54.610354312850845,73.87065445847179
1924,42442983,42442977,2ndAvenue,13.460080863597513,23.43719501367068
1925,42450009,42446472,3rdAvenue,9.483479814471144,11.08476748398165
1926,42443024,42446472,East77thStreet,57.144058698589,59.78044575436506
1927,42450009,42443020,East76thStreet,47.62139167761979,56.23681907036561
1928,42443024,42443020,2ndAvenue,11.339539847692265,15.835540590063154
1929,42450048,42445261,3rdAvenue,9.179854543102792,10.488750237505544
1930,42443058,42445261,East99thStreet,40.98756284789645,49.54539795086545
1931,42449979,42447020,East60thStreet,50.72231047715921,73.62143771461831
1932,42436516,42447020,LexingtonAvenue,12.87749185227308,23.369356278307535
1933,42449979,42436519,3rdAvenue,11.086874683645151,16.393689323399293
1934,42436527,42436519,East61stStreet,31.61015831454144,54.09851741293532
1935,42450290,42436296,BennettAvenue,26.59916520408164,30.77844397727272
1936,42436297,42436296,West187thStreet,24.8105612121212,33.60852611111111
1937,42429083,42436296,West187thStreet,16.096109324817512,23.0691613090909
1938,42449928,42446935,East33rdStreet,43.9372814059063,51.87377250189138
1939,42445374,42446935,LexingtonAvenue,13.601000441365589,14.175555970542108
1940,42449928,42445378,3rdAvenue,13.689034649153733,19.65084888412708
1941,42445374,42445378,East34thStreet,44.293606044105566,49.90678282113124
1942,42445382,42445378,East34thStreet,23.517304247298004,26.544439717695532
1943,42449918,42446932,East27thStreet,54.01967514310661,55.09602368652377
1944,42446270,42446932,LexingtonAvenue,13.635005454791493,11.851468256296892
1945,42449918,42446275,3rdAvenue,12.648392057753167,15.499803445066776
1946,42446270,42446275,East28thStreet,49.96376720720722,42.927339968435604
1947,42449689,42454006,TunnelEntranceStreet,16.745676259484068,22.44944384158868
1948,42445666,42454006,TunnelEntranceStreet,16.776373290808486,13.608801342692184
1949,42442931,42454006,East38thStreet,18.63488776010791,21.390867771693845
1950,42449689,42442918,East37thStreet,13.055115382546232,19.69075896980678
1951,42442931,42442918,2ndAvenue,14.864496297103699,17.30185619036045
1952,42434969,42442918,TunnelEntranceStreet,17.538289816137564,20.86359794561668
1953,42449846,42448283,East117thStreet,77.39332836363639,99.96349397849458
1954,42448278,42448283,PleasantAvenue,17.600266425855512,18.423430971896952
1955,42439506,42448283,PleasantAvenue,10.300559416961145,12.463089568965511
1956,42449576,42456197,PrinceStreet,24.434583345164484,35.18669144899198
1957,42442273,42456197,GreeneStreet,38.732572662129705,52.93410557894741
1958,42449576,42442269,MercerStreet,46.79830070930294,63.882689843362385
1959,42442273,42442269,SpringStreet,31.56066265816764,34.87328112366145
1960,42449948,42444051,3rdAvenue,14.2619130469264,20.05163170532211
1961,42442947,42444051,East45thStreet,58.245247306026286,67.83971193906278
1962,42449948,42442943,East44thStreet,51.45725086710022,60.5577981272461
1963,42442947,42442943,2ndAvenue,12.042704592352116,16.199676962410678
1964,42449982,42442963,East62ndStreet,61.36491301472282,86.34029134628538
1965,42429981,42442963,2ndAvenue,16.522517355796367,28.358354133981628
1966,42449982,42429980,3rdAvenue,10.646101157775977,14.613048211487405
1967,42429981,42429980,East63rdStreet,53.82590774838014,70.6351270408656
1968,42450634,42422682,FDRDrive,9.616180013615347,15.342384430624511
1969,42449840,42447201,East117thStreet,18.939260387010677,23.001198261257237
1970,42439489,42447201,LexingtonAvenue,9.746648828174363,12.293875275505176
1971,42449840,42439490,3rdAvenue,9.44941437099943,11.45002224322814
1972,42439489,42439490,East118thStreet,31.03290523893807,43.54900799285714
1973,42449961,42442955,East52ndStreet,64.01751656950533,73.23276157891276
1974,42436710,42442955,2ndAvenue,13.39499439066125,16.100266250580326
1975,42449961,42436707,3rdAvenue,12.710526831673882,20.211256014650296
1976,42436710,42436707,East53rdStreet,57.698681747745454,74.59947977225279
1977,42449956,42442952,East50thStreet,54.21176068812717,63.105594994015064
1978,42440465,42442952,2ndAvenue,12.110445608302276,14.948797476296294
1979,42449956,42440463,3rdAvenue,13.660038872419108,20.77291961498912
1980,42440465,42440463,East51stStreet,53.531724135320786,70.97846061303251
1981,42449801,42447419,HavenAvenue,15.969895347222225,16.64304
1982,42427139,42447419,West169thStreet,24.189024038461532,29.95152205128207
1983,42449801,42427143,West170thStreet,20.38859806451613,33.20704545454545
1984,42428980,42427143,West170thStreet,35.141534285714265,51.657054285714295
1985,42427139,42427143,FortWashingtonAvenue,7.845342898550725,13.285066136606185
1986,42427146,42427143,FortWashingtonAvenue,12.592999254237286,14.092585792079207
1987,42449833,42446164,East117thStreet,27.326709690613537,31.49017017037388
1988,42446161,42446164,MadisonAvenue,9.543964208747377,11.84223437233176
1989,42450052,42438953,3rdAvenue,9.243582497959812,11.307904567148766
1990,42449685,42449938,3rdAvenue,11.624778686742196,16.965180821434735
1991,42446945,42449938,East38thStreet,41.19849390415784,45.36322643490581
1992,42449685,42446942,East37thStreet,52.340219465074505,65.73155327887764
1993,42446945,42446942,LexingtonAvenue,15.447858915289702,19.27606025586726
1994,42427915,42443280,West81stStreet,43.12603562777425,53.044428208025856
1995,42442469,42443280,West81stStreet,55.51150009610764,62.13541955635292
1996,42433565,42443280,ColumbusAvenue,10.258096778450122,11.677625019148461
1997,42427915,42433564,CentralParkWest,13.102515900353515,14.073144564191164
1998,42435308,42433564,CentralParkWest,10.413070344409837,14.376688713912618
1999,42433565,42433564,West82ndStreet,41.8011029933356,44.886169610409574
2000,42427915,42424225,CentralParkWest,44.97696572378769,61.679488342724895
2001,42438859,42424225,West77thStreet,50.406222641834795,46.42383087666789
2002,42435301,42424225,CentralParkWest,11.976600518146483,12.084339456209069
2003,42449656,42449654,WadsworthAvenue,14.60821275862069,15.210475121951227
2004,42449653,42449654,WadsworthAvenue,14.06099591160221,14.916946078431367
2005,42433107,42449654,West189thStreet,24.61810183098592,33.837284736842115
2006,42449656,42437944,WadsworthAvenue,11.160005909090907,18.658052592592593
2007,42427773,42437944,WadsworthAvenue,14.406891666666667,17.351298108108107
2008,42449656,42433115,West190thStreet,29.983004772727273,34.85785281249999
2009,42433107,42433115,SaintNicholasAvenue,14.820523108108105,18.542223030303024
2010,42449654,42449656,WadsworthAvenue,14.597543392857135,17.833785312499995
2011,42443488,42449656,West190thStreet,14.203182307692304,16.186914210526318
2012,42437944,42449656,WadsworthAvenue,16.467726285714292,17.723501666666667
2013,42449654,42449653,WadsworthAvenue,15.265377575757576,15.531406904761909
2014,42443482,42449653,West188thStreet,10.844663749999995,23.153116666666666
2015,42436293,42449653,WadsworthAvenue,12.396106798780485,19.24049398692811
2016,42449654,42443486,West189thStreet,21.011406521739133,33.91804107142857
2017,42443488,42443486,WadsworthTerrace,13.937091904761909,15.911392222222224
2018,42449653,42436293,WadsworthAvenue,13.006767777777776,14.55793538461538
2019,42445680,42436293,WadsworthAvenue,11.155194548944335,17.914747533632287
2020,42433080,42436293,West187thStreet,17.88758403409091,22.69575255474453
2021,42449653,42433097,West188thStreet,24.94577506329114,35.668369444444444
2022,42433107,42433097,SaintNicholasAvenue,13.31870869565217,19.18761583333334
2023,42433080,42433097,SaintNicholasAvenue,12.560927137809188,15.55163053333334
2024,42449644,42449641,WadsworthAvenue,13.339904246575339,14.907928604651158
2025,42438199,42449641,WadsworthAvenue,6.96189991978609,15.555538588235295
2026,42429044,42449641,West184thStreet,22.222687890625004,29.027484245283013
2027,42449644,42445680,WadsworthAvenue,11.982489193548396,23.62229471014493
2028,42436293,42445680,WadsworthAvenue,13.579327941176471,16.465427419354835
2029,42449641,42449644,WadsworthAvenue,8.005843235294119,15.592691415094333
2030,42445680,42449644,WadsworthAvenue,12.302103448275863,14.200521363636362
2031,42433075,42449644,West185thStreet,12.798041363636365,20.253288666666666
2032,42429058,42449644,West185thStreet,28.18918679069769,36.04860985915492
2033,42449641,42438199,WadsworthAvenue,13.245633454545452,13.507867058823535
2034,42449639,42438199,WadsworthAvenue,7.214001291248207,14.654701107692294
2035,42433069,42438199,West183rdStreet,15.600247156862745,24.53924716981133
2036,42429035,42438199,West183rdStreet,14.736185918367353,20.558501024096387
2037,42449641,42433072,West184thStreet,22.83060932203389,29.816494078947372
2038,42433075,42433072,SaintNicholasAvenue,12.517622549019606,13.043031428571437
2039,42433069,42433072,SaintNicholasAvenue,7.847591714285708,11.694957954545455
2040,42449843,42443088,East117thStreet,39.4408625,47.03975327354263
2041,42443085,42443088,2ndAvenue,12.334616531998565,15.132318866162732
2042,42449843,42439498,1stAvenue,7.864776712268318,10.800369025354282
2043,42439497,42439498,East118thStreet,35.31762181949457,39.133255010460246
2044,42449600,42449597,WarrenStreet,39.17275818233236,48.5364767258469
2045,42429562,42449597,ChurchStreet,14.83533505547657,19.35917943188145
2046,42449600,42429563,WestBroadway,15.141921957640962,19.904159035454725
2047,42429562,42429563,MurrayStreet,34.054992107889746,38.2947737384899
2048,42449550,42450434,10thAvenue,10.196816958582158,12.345005632473825
2049,42430736,42450434,West54thStreet,58.99213286334054,49.5195228603448
2050,42449550,42430722,West53rdStreet,55.41016891365287,64.92085051429254
2051,42430736,42430722,11thAvenue,10.534464595696043,15.662080974398974
2052,42430713,42430722,11thAvenue,10.905656364303184,10.93863957561415
2053,42449683,42445909,East37thStreet,47.93497627534727,69.06050676943525
2054,42445908,42445909,MadisonAvenue,13.766290182995968,20.595743689101887
2055,42449893,42439170,3rdAvenue,12.390148054317665,13.090360398679431
2056,42437529,42439170,East20thStreet,25.60671858649634,26.46217306015452
2057,42449893,42437283,3rdAvenue,17.140883828144585,13.683277674485808
2058,42446875,42437283,3rdAvenue,13.59242183651132,13.068657779794268
2059,42434357,42437283,East18thStreet,48.23887695711369,49.716865318479044
2060,42449893,42434358,East19thStreet,39.77998780176974,45.48190593491184
2061,42434360,42434358,IrvingPlace,17.389472182149362,12.328029508500045
2062,42434357,42434358,IrvingPlace,19.243487595497328,16.262281880741348
2063,42449308,42456568,ParkAvenueSouth,14.529726801928932,14.778289310280275
2064,42446933,42456568,East31stStreet,54.00867319979926,60.218939971550505
2065,42445409,42456568,ParkAvenueSouth,15.82230966922719,20.214426974935023
2066,42449308,42453183,ParkAvenue,16.244024396720874,21.1614608344468
2067,42446935,42453183,East33rdStreet,30.909120442401328,48.5948080357929
2068,42449308,42446934,East32ndStreet,52.788596607419976,55.356474115670345
2069,42446935,42446934,LexingtonAvenue,13.823043978867204,14.248901173604615
2070,42449593,42439432,10thAvenue,7.352725908529051,8.207561016548464
2071,42429960,42439432,10thAvenue,11.383360357142852,11.832152352941172
2072,42449639,42429032,West182ndStreet,6.3101891359446975,9.141705299145297
2073,42429029,42429032,Broadway,5.766964003471219,8.213728892531874
2074,42429035,42429032,Broadway,8.1545833015873,8.020905378486061
2075,42442557,42442559,AmsterdamAvenue,9.18256957029796,10.746269488147087
2076,42449804,42435002,HavenAvenue,17.446476319702597,18.681123
2077,42427146,42435002,West171stStreet,18.89530917177913,27.556533540669857
2078,42449804,42427150,West172ndStreet,21.684963717948712,56.943180000000005
2079,42427146,42427150,FortWashingtonAvenue,8.930306796941373,16.28113221088434
2080,42427152,42427150,FortWashingtonAvenue,13.741820927318294,16.72064498098859
2081,42449314,42449928,3rdAvenue,12.501286823946176,17.907648889911492
2082,42442913,42449928,East33rdStreet,60.3122649668646,66.85427526989021
2083,42449314,42442910,East32ndStreet,51.74974233506852,51.61792021096692
2084,42442913,42442910,2ndAvenue,10.515704817531397,10.718678115339703
2085,42449427,42445426,1stAvenue,15.688508947843973,20.958183247010886
2086,42445430,42445426,East114thStreet,28.54704545454545,42.50387318840579
2087,42449580,42440545,MercerStreet,17.92837164458733,20.91333325143359
2088,42428458,42440545,West3rdStreet,21.26692377964114,21.080597427159127
2089,42449580,42428460,West4thStreet,28.651234698215017,28.438751103544032
2090,42428464,42428460,Broadway,16.532517657579213,17.355570864295984
2091,42449570,42439583,MercerStreet,24.274996875219284,41.066770334512725
2092,42428434,42439583,HowardStreet,17.48824688905834,35.63656459459457
2093,42449570,42428436,GrandStreet,32.264648281145625,44.16549005040324
2094,42428438,42428436,Broadway,29.75483375642817,39.93367077992907
2095,42449038,42430942,AvenueD,12.510829764705875,13.157035440860222
2096,42446584,42430942,AvenueD,18.237180683971978,18.712466956521748
2097,42421828,42430942,East10thStreet,23.443594723585214,21.52429888849805
2098,42449631,42436812,WadsworthAvenue,11.451328728323706,16.15300539130435
2099,42446337,42436812,WadsworthAvenue,6.822949515260322,12.504129711815569
2100,42429006,42436812,West176thStreet,12.09269625,18.389452342342352
2101,42449422,42443078,East112thStreet,39.768302745424315,46.02338594724218
2102,42443077,42443078,2ndAvenue,10.907572918840584,11.669742984603241
2103,42449422,42435396,3rdAvenue,26.04640000884087,31.460263914285733
2104,42435398,42435396,East115thStreet,19.35084992636908,22.798775287120577
2105,42449029,42455181,AvenueC,14.556236660613296,11.38023341467775
2106,42434233,42455181,AvenueC,12.684234961044659,10.102603236994222
2107,42449029,42449027,East9thStreet,40.46712059945502,38.916985391061495
2108,42430924,42449027,AvenueB,19.251417979966615,16.622801562050366
2109,42449341,42444909,West16thStreet,71.1720528414518,62.63922597485076
2110,42439280,42444909,9thAvenue,18.248805657886642,15.259385804723074
2111,42449341,42439286,10thAvenue,11.82737963679068,13.112108169056091
2112,42439280,42439286,West17thStreet,45.412463500621755,58.72215299545886
2113,42449166,42449163,JumelTerrace,16.97513670731708,15.979891428571436
2114,42446919,42449163,JumelTerrace,9.789956477272725,9.607879693877546
2115,42449166,42439721,West162ndStreet,10.39164979381443,13.194685683453233
2116,42439724,42439721,EdgecombeAvenue,14.147870686274507,16.20687555555556
2117,42439718,42439721,EdgecombeAvenue,20.74986305263158,27.697240090361444
2118,42449005,42453577,ParkAvenue,13.597857740617435,15.572288566075448
2119,42449005,42446093,East97thStreet,42.55717827686645,57.13641560033239
2120,42446086,42446093,MadisonAvenue,10.682280603728143,16.58993910697301
2121,42448996,42453545,12thAvenue,9.288750402638485,15.793263297111876
2122,42437379,42453545,12thAvenue,14.434514478947785,20.484240759441636
2123,42430669,42453545,West41stStreet,59.92651412354804,83.641747012239
2124,42448996,42430664,West40thStreet,69.13310859683797,106.03883179306874
2125,42430669,42430664,11thAvenue,12.321170390300608,17.6824299048259
2126,42449589,42433292,MercerStreet,23.27436889310856,23.429659416935788
2127,42433295,42433292,WaverlyPlace,22.44437197782768,22.612372037362643
2128,42449589,42428473,East8thStreet,27.189423671051394,26.67675738339406
2129,42428476,42428473,Broadway,21.38168724205756,19.666685721412293
2130,42449007,42450048,3rdAvenue,9.209430993844851,10.581990121074744
2131,42447174,42450048,East98thStreet,28.685076110815157,33.375877018800345
2132,42449007,42447169,East97thStreet,29.727949667250424,35.630510795924394
2133,42447174,42447169,LexingtonAvenue,7.9430332763731535,12.515581740720425
2134,42449007,42443056,East97thStreet,34.837231026100824,42.47557048014226
2135,42449010,42443056,East97thStreet,29.647311642803306,31.15273836795867
2136,42443058,42443056,2ndAvenue,14.477666233503738,21.909697220023517
2137,42449597,42431611,ChurchStreet,16.978447772553302,21.73917933261717
2138,42449023,42449021,East9thStreet,60.64184337658423,52.34866068995825
2139,42434145,42449021,1stAvenue,12.085393156519638,10.784414849344449
2140,42449023,42434148,AvenueA,18.84115100692673,15.547599669467022
2141,42434145,42434148,SaintMarksPlace,56.08287965418678,47.71599184382382
2142,42434215,42434148,AvenueA,15.437729099859354,14.072760527914033
2143,42449333,42439272,5thAvenue,27.876125349960414,30.39845605679817
2144,42428170,42439272,East17thStreet,51.24403083826697,54.02011525296477
2145,42449333,42438785,East16thStreet,43.35975182698789,40.02275445472572
2146,42428170,42438785,UnionSquareWest,15.36216662266112,13.022255012876569
2147,42449390,42436756,East29thStreet,86.56847246913581,98.22980572559366
2148,42446293,42436756,1stAvenue,7.856857762582269,11.769049977733687
2149,42449139,42444028,MacombsPlace,12.434396911764706,11.678469078947366
2150,42449127,42444028,MacombsPlace,10.248933087071245,17.448479926470586
2151,42435891,42444028,West152ndStreet,19.256068071428572,23.832826186440677
2152,42449139,42435894,West153rdStreet,25.352850674157313,28.517457499999995
2153,42435898,42435894,FrederickDouglassBoulevard,10.290863835051548,12.417430076335874
2154,42435891,42435894,FrederickDouglassBoulevard,11.270646402877698,13.06987976851852
2155,42448726,42456575,5thAvenue,7.601353931426501,10.991465231638415
2156,42446066,42456575,East91stStreet,26.968901514978942,33.320828294547894
2157,42448726,42446070,East92ndStreet,27.91890517864829,32.52754723983739
2158,42446066,42446070,MadisonAvenue,8.763017145976033,10.933841795598465
2159,42448711,42448707,East23rdStreet,39.553981249680966,39.51071000753252
2160,42442889,42448707,East23rdStreet,53.21387333413291,66.58917840383083
2161,42449127,42435885,West151stStreet,11.549423719008269,11.887610560747659
2162,42435881,42435885,FrederickDouglassBoulevard,11.626063022508037,12.707981808318264
2163,42435891,42435885,FrederickDouglassBoulevard,8.983255237191653,11.522707006369426
2164,42449017,42445558,East9thStreet,37.32044789018632,33.33204858270974
2165,42439236,42445558,LafayetteStreet,16.352084431800414,15.794089298393724
2166,42449017,42443298,StuyvesantStreet,17.094750739434613,16.84722559230115
2167,42442857,42443298,East9thStreet,47.52647014874402,40.1485122008809
2168,42449017,42434140,3rdAvenue,11.902178356995636,10.47658912631154
2169,42439236,42434140,AstorPlace,14.823561086015868,15.058956919535277
2170,42434196,42434140,CooperSquare,17.476915387418153,13.416931036475857
2171,42449010,42445263,1stAvenue,16.859800079375027,20.11121677756401
2172,42448979,42446182,East128thStreet,26.271746108490568,38.042936422360285
2173,42446177,42446182,MadisonAvenue,11.790112738106071,16.811163253383995
2174,42448979,42436724,5thAvenue,13.636151859504132,19.47657517325229
2175,42446177,42436724,East127thStreet,21.276343785446773,32.29416801310937
2176,42448745,42452814,1stAvenue,9.886669911221595,13.225865756628725
2177,42448745,42428052,East92ndStreet,28.007232705184077,36.0903976656594
2178,42428049,42428052,YorkAvenue,15.657675513784456,15.863735561224475
2179,42449098,42440946,WestStreet,9.165241742803211,10.934533739116755
2180,42448593,42456492,BeekmanStreet,27.92247657568805,36.000245934630904
2181,42449021,42442857,East9thStreet,77.31234915157077,71.92300760279285
2182,42430898,42442857,2ndAvenue,15.538948791974555,13.899128867145127
2183,42449021,42430903,1stAvenue,9.622873451251515,9.553066415879476
2184,42430898,42430903,East10thStreet,61.92641480953229,58.12657887098862
2185,42449076,42440940,West4thStreet,27.075232129277566,22.398379925190106
2186,42436414,42440940,BankStreet,39.166281812945726,33.94535650057494
2187,42449076,42431814,West11thStreet,40.48677578424046,37.46529045346061
2188,42436414,42431814,BleeckerStreet,23.9098383305416,21.718722995214755
2189,42448735,42450037,3rdAvenue,8.909522826390017,10.819635243927515
2190,42443050,42450037,East93rdStreet,51.67241100439878,61.24377986723131
2191,42448735,42443048,East92ndStreet,46.1705739460425,55.02741457742486
2192,42443050,42443048,2ndAvenue,9.885507759504923,10.738021755709418
2193,42448930,42443522,NagleAvenue,15.511469193548384,21.333629859154932
2194,42443524,42443522,EllwoodStreet,13.606392419354837,16.344133863636362
2195,42421783,42443522,NagleAvenue,20.545507682539686,22.145573534482764
2196,42448930,42431177,NagleAvenue,6.555903971880494,8.737176492307695
2197,42427852,42431177,ArdenStreet,43.24287745762712,40.559811904761894
2198,42449187,42435497,5thAvenue,8.774900939147184,15.197463391946066
2199,42433927,42435497,86thStreetTransverseRoad,32.12403891751547,38.12983027952604
2200,42449187,42433927,86thStreetTransverseRoad,27.0771689404394,34.29527633907077
2201,42448707,42442889,East23rdStreet,65.15973310902892,74.86251860536399
2202,42448701,42442889,East23rdStreet,55.40723312276721,59.913874042225906
2203,42436590,42442889,2ndAvenue,12.54304300697092,11.676988730706446
2204,42448707,42436598,1stAvenue,10.042709292070755,12.34334471886189
2205,42436590,42436598,East24thStreet,37.2638150736186,48.77701741241411
2206,42448661,42448655,ConventAvenue,13.239205786802035,15.415675886075947
2207,42442625,42448655,West146thStreet,30.84264478527608,30.26560922580646
2208,42434259,42448655,ConventAvenue,18.218580468468485,20.217988853754946
2209,42448661,42442628,West147thStreet,26.39981773026315,32.640549273743034
2210,42442625,42442628,AmsterdamAvenue,9.128194410467506,12.730777396943038
2211,42439213,42442628,AmsterdamAvenue,9.709726467391302,11.832131581632655
2212,42448661,42439210,ConventAvenue,15.465362494279187,19.72227162068966
2213,42439213,42439210,West148thStreet,30.223866982591897,28.878282228116717
2214,42434338,42439210,ConventAvenue,12.161444220779224,16.302910857142862
2215,42448655,42448661,ConventAvenue,15.593303047619045,18.713967268847785
2216,42439210,42448661,ConventAvenue,13.986029094827586,17.50416472392638
2217,42432967,42448661,West147thStreet,29.586342239747644,31.166095625000004
2218,42448655,42434259,ConventAvenue,16.366713321678322,18.49946492537313
2219,42444854,42434259,ConventAvenue,16.210064792368126,19.58931631476052
2220,42434262,42434259,West145thStreet,35.28490507544582,36.475943837209286
2221,42432963,42434259,West145thStreet,34.66517887323945,44.49143611632269
2222,42448655,42432966,West146thStreet,31.350586620926247,32.7744176277372
2223,42432967,42432966,SaintNicholasAvenue,9.220992462380304,11.746925160493829
2224,42432963,42432966,SaintNicholasAvenue,16.616844453836155,23.869771726190482
2225,42448701,42446925,East23rdStreet,53.10566498511853,56.476745556459115
2226,42448693,42446925,East23rdStreet,40.07312297573669,41.64743158016845
2227,42436582,42446925,LexingtonAvenue,12.982134919303975,11.937842080900642
2228,42448701,42440326,3rdAvenue,19.479610559333807,16.349214680867604
2229,42440325,42440326,East22ndStreet,40.62707257994223,42.478676352227204
2230,42448701,42436586,3rdAvenue,15.035654196895615,16.394534539574572
2231,42436582,42436586,East24thStreet,36.84296312765907,35.56889021008017
2232,42448693,42445867,East23rdStreet,54.512315096607615,55.41661415957946
2233,42428201,42445867,East23rdStreet,29.932319013227247,33.791219668158824
2234,42448813,42442949,East48thStreet,56.52370414076531,65.06337981710391
2235,42438894,42442949,2ndAvenue,12.326394062765749,15.996633096313415
2236,42448813,42438891,3rdAvenue,13.333387058205323,19.428431626112467
2237,42438894,42438891,East49thStreet,52.247956275720156,69.22401747256248
2238,42448423,42424767,RiverviewTerrace,12.105170408163259,14.735187527216173
2239,42448329,42424767,East59thStreet,9.64019200657895,10.813875799031472
2240,42448611,42448607,ConventAvenue,16.62486137510879,18.589400515564204
2241,42448605,42448607,ConventAvenue,21.393837680646783,25.652027096918268
2242,42427531,42448607,West129thStreet,27.524807142857146,42.720144444444436
2243,42448611,42442596,West130thStreet,23.943386047619036,31.580002928870297
2244,42442592,42442596,AmsterdamAvenue,10.84747372575615,14.094582168717055
2245,42438247,42442596,AmsterdamAvenue,11.622975543345538,13.412040432172875
2246,42448611,42438246,ConventAvenue,17.040874670981665,21.355258530232557
2247,42438247,42438246,West131stStreet,16.67383991584853,21.039941938997828
2248,42434097,42438246,ConventAvenue,26.351274215167546,31.1316066972477
2249,42448611,42427538,West130thStreet,30.584971318814283,35.754416828282814
2250,42427649,42427538,SaintNicholasTerrace,65.58563524804177,74.78189611940299
2251,42448607,42448611,ConventAvenue,17.79748008718397,21.552272906976746
2252,42442596,42448611,West130thStreet,21.346136471226913,23.673044195162625
2253,42438246,42448611,ConventAvenue,15.21550943050194,18.89937645123384
2254,42427538,42448611,West130thStreet,34.571655,37.519584444444455
2255,42448607,42448605,ConventAvenue,16.655047837235223,19.43124671755725
2256,42442589,42448605,West128thStreet,46.99555160289554,49.28608917117867
2257,42436734,42448605,ConventAvenue,19.578210848563977,23.178047664188338
2258,42427523,42448605,West128thStreet,24.6291736981132,32.771557035647284
2259,42448607,42442592,West129thStreet,32.568961503067506,35.981700393258436
2260,42442596,42442592,AmsterdamAvenue,10.563650745170188,12.024990996810207
2261,42442589,42442592,AmsterdamAvenue,11.128715596399108,14.575244651474536
2262,42448605,42442589,West128thStreet,38.81445172413795,47.3463650793651
2263,42442592,42442589,AmsterdamAvenue,11.2657163312369,12.091268651202753
2264,42442586,42442589,AmsterdamAvenue,6.67833452065705,8.679027955073588
2265,42448605,42436734,ConventAvenue,16.990424753086415,18.360114430714905
2266,42440146,42436734,MorningsideAvenue,15.478320133333336,18.182552285491408
2267,42427519,42436734,West127thStreet,18.01113811387901,22.01333331254871
2268,42448605,42427523,West128thStreet,28.72551026536312,31.838903288559536
2269,42432933,42427523,West128thStreet,17.32773174508635,22.119762016460925
2270,42427531,42427523,SaintNicholasTerrace,13.899347223667107,18.005324914228044
2271,42448326,42455119,1stAvenue,9.738072583375583,15.156746494812214
2272,42425223,42424032,West72ndStreet,13.690339276546089,14.469903161971835
2273,42432572,42424032,RiversideDrive,13.761309330053875,17.189040330390576
2274,42431004,42424032,West72ndStreet,25.46919014336918,26.42014601365089
2275,42448278,42456115,East116thStreet,24.76729029629628,28.617555947075214
2276,42443085,42456115,East116thStreet,31.05372953047775,39.68759364175258
2277,42435400,42456115,1stAvenue,8.107755355918755,10.709904492117788
2278,42448278,42435403,PleasantAvenue,13.4397715282392,17.87314761194029
2279,42445430,42435403,PleasantAvenue,8.853157907253271,8.5085554699121
2280,42448278,42424117,East116thStreet,12.149173088743757,16.559857690499232
2281,42448674,42443582,ConventAvenue,12.921601747572815,14.789257627118635
2282,42442635,42443582,West150thStreet,24.773474761120273,29.34853507082155
2283,42434338,42443582,ConventAvenue,13.062488676470585,16.611188246575352
2284,42449067,42430857,5thAvenue,17.02420998024124,14.802270767523055
2285,42430241,42430857,West10thStreet,79.93529471985075,77.73371383157124
2286,42449067,42430247,West11thStreet,77.30737831638173,72.87997153828776
2287,42430241,42430247,6thAvenue,12.983454341327565,12.40300651392061
2288,42449045,42430861,UniversityPlace,21.633201882890607,20.882652183385698
2289,42430857,42430861,East10thStreet,41.88657614138437,44.121351077007134
2290,42449045,42421877,East9thStreet,53.18031584016657,52.4509381544029
2291,42430857,42421877,5thAvenue,17.589290671399866,15.352042628317589
2292,42444461,42456132,1stAvenue,11.10301569275067,20.069610050414127
2293,42425747,42456132,East127thStreet,10.067696123809524,13.942641691394666
2294,42444461,42443116,East125thStreet,33.050006370262395,38.73777110187111
2295,42444458,42443116,East125thStreet,30.617420232095498,37.64948555984553
2296,42423189,42443116,2ndAvenue,11.587034579319196,13.950495315315314
2297,42422086,42443116,2ndAvenue,16.735119541032677,24.858548528892822
2298,42448430,42448440,MonroeStreet,19.332109420289846,29.04072484599589
2299,42437760,42448440,PikeStreet,16.473450958322275,21.589277947277445
2300,42437481,42448440,PikeStreet,20.15973788503649,21.19311619010416
2301,42448430,42437755,MarketStreet,13.483602306959543,14.210928979708903
2302,42437124,42437755,MadisonStreet,27.288049538258573,27.36009416550146
2303,42448406,42440567,SuttonPlaceSouth,12.823765007824724,15.891554006276154
2304,42443621,42440567,East56thStreet,24.99163603448277,29.67415322033898
2305,42443618,42440567,East56thStreet,48.15277284223838,49.5574388888889
2306,42432875,42440567,SuttonPlaceSouth,21.168323250138645,22.64327990558912
2307,42448321,42449979,3rdAvenue,11.968550864424136,18.804048511651533
2308,42424098,42449979,East60thStreet,44.9908670529008,70.62678633829005
2309,42448321,42424098,East59thStreet,61.786679392016275,91.4895333232468
2310,42436527,42424098,2ndAvenue,17.02429409139284,30.452163229459966
2311,42448379,42446999,East55thStreet,52.77364534277808,61.7159351899138
2312,42443614,42446999,LexingtonAvenue,14.786633097010453,21.309401016265614
2313,42448379,42443615,3rdAvenue,12.345285260267685,21.432613043300886
2314,42443614,42443615,East56thStreet,42.01506431283042,59.342386980724534
2315,42448283,42449846,East117thStreet,50.65443658291454,53.610443908918384
2316,42448283,42439506,PleasantAvenue,10.778702645985405,10.728839708141326
2317,42439514,42439506,East118thStreet,167.74746666666667,124.19665
2318,42439498,42439506,East118thStreet,28.845803377023916,33.55861834453268
2319,42435240,42439506,PleasantAvenue,9.783042862957943,10.806188703703716
2320,42448162,42436333,LeonardStreet,40.64791532610228,46.05794962284026
2321,42436330,42436333,HudsonStreet,13.313903674101395,18.566279821704267
2322,42436055,42436333,FranklinStreet,39.79537454403743,42.64855098518114
2323,42448390,42443618,1stAvenue,9.78175760355485,16.07234161001077
2324,42442960,42443618,East56thStreet,62.151228397474405,74.89192591936661
2325,42448390,42442959,East55thStreet,58.088667172159866,83.08235877903836
2326,42442960,42442959,2ndAvenue,14.356129270066301,18.621071649330137
2327,42448238,42447126,East83rdStreet,45.763937113569824,50.73166602931529
2328,42435509,42447126,LexingtonAvenue,10.736068521446619,12.956066216602602
2329,42448238,42435514,3rdAvenue,9.191961198585943,10.962040301491879
2330,42435509,42435514,East84thStreet,39.25957752437519,48.699567129819506
2331,42446504,42455751,10thAvenue,11.976488747469125,18.007899370846875
2332,42434434,42455751,West41stStreet,40.0580791768541,39.917509828018616
2333,42448440,42437760,PikeStreet,16.801255254419676,17.22417482019528
2334,42437763,42437760,MadisonStreet,22.345151483373066,25.006628434592237
2335,42435922,42437760,PikeStreet,21.106398307562547,23.011419229177445
2336,42448440,42437481,PikeStreet,21.311353954568904,27.96172806680584
2337,42444129,42437481,PikeSlip,24.773505942941842,27.543618399448075
2338,42437490,42437481,CherryStreet,16.055402537147106,19.690003271544718
2339,42448254,42443032,East83rdStreet,52.889725790139025,62.872723301096066
2340,42435516,42443032,2ndAvenue,12.415015869245662,13.132929932370516
2341,42448254,42435518,1stAvenue,8.931065582456975,10.746969644076511
2342,42435516,42435518,East84thStreet,56.29330760375081,63.4562730326985
2343,42448141,42446184,East130thStreet,25.22175302013424,37.783651298932355
2344,42448141,42438984,5thAvenue,12.583138314350785,18.931584540716614
2345,42448506,42433173,AdamClaytonPowellJr.Boulevard,13.41395894532093,14.525563482995214
2346,42446772,42433173,West115thStreet,45.512981818181814,47.59388017241382
2347,42433165,42433173,SaintNicholasAvenue,14.566513110406447,18.253411487854255
2348,42448506,42433165,West114thStreet,14.1487768440185,15.291564046832786
2349,42433173,42433165,SaintNicholasAvenue,16.239249304857633,18.941486863309336
2350,42431201,42433165,SaintNicholasAvenue,14.313732121212125,18.024569100737104
2351,42448203,42439389,5thAvenue,9.448744372327713,15.522742514648169
2352,42436531,42456049,1stAvenue,10.005394739277968,15.19971293374526
2353,42432060,42432063,StantonStreet,21.04015281347149,18.337993511837638
2354,42437106,42432063,OrchardStreet,38.06341670290612,35.287605996990216
2355,42447418,42454622,AudubonAvenue,7.011191959287535,13.41058463114754
2356,42434992,42454622,AudubonAvenue,13.352207021276596,14.988980933333329
2357,42433041,42454622,West170thStreet,24.64495447619048,30.604442916666674
2358,42447418,42428980,West169thStreet,27.93030527472527,31.26759000000001
2359,42428978,42428980,Broadway,5.813889359119783,11.45429271129304
2360,42428985,42428980,Broadway,10.091599619312909,11.742027466986787
2361,42447346,42456831,5thAvenue,25.048236072874484,26.585982222222214
2362,42440376,42456831,West139thStreet,51.10403587962964,59.718825965665204
2363,42435953,42456831,5thAvenue,12.087119403149025,13.577287934782614
2364,42447346,42447348,West141stStreet,20.1824116923077,21.175264816247577
2365,42438271,42447348,ChisumPlace,12.054873358778625,17.38434325
2366,42447187,42459180,East109thStreet,35.67821014084507,43.276216063829814
2367,42447187,42436644,LexingtonAvenue,7.086946528381313,9.077685874608157
2368,42447428,42440408,GrandStreet,23.89477991894199,29.958420333973113
2369,42433551,42440408,ClintonStreet,37.03434831202788,47.931426626533955
2370,42447179,42459041,East105thStreet,25.910111051175647,31.34665476075397
2371,42447179,42436619,LexingtonAvenue,7.162721857472251,10.436416087484194
2372,42447192,42458112,East111thStreet,36.819090464426885,45.25776901913875
2373,42447192,42434384,LexingtonAvenue,7.7665493570997866,10.254948499599806
2374,42447132,42458766,East85thStreet,35.01212157122735,42.71026509009008
2375,42429330,42458766,ParkAvenue,12.767103424277613,15.808458468573773
2376,42447132,42435509,LexingtonAvenue,11.012032570904832,13.017678931562788
2377,42447206,42456162,East121stStreet,24.30736932746701,29.503728664536762
2378,42447206,42443819,LexingtonAvenue,9.044275369633061,12.197908959258163
2379,42447308,42452290,West110thStreet,28.99545655198925,36.24279755335764
2380,42435343,42452290,CentralParkWest,8.824286056929543,9.296754015198404
2381,42433756,42452290,FrederickDouglassCircle,11.495219461036726,14.051841938784358
2382,42447308,42447303,ManhattanAvenue,11.950625169949786,14.368556821223715
2383,42447295,42447303,ManhattanAvenue,13.579474212881072,16.711700455827753
2384,42435343,42447303,West109thStreet,24.73001927272727,23.953690985512427
2385,42447308,42446733,ManhattanAvenue,17.198925542468483,21.5914875644233
2386,42437218,42446733,ManhattanAvenue,14.68822571776156,17.819120975062674
2387,42435743,42446733,West111thStreet,25.21508276886978,29.25712980676328
2388,42447308,42435359,CathedralParkway,36.731458317113315,40.92293035764574
2389,42442569,42435359,CathedralParkway,59.355531195335296,64.21743878581496
2390,42431186,42435359,MorningsideDrive,40.369270775267225,42.877942842027814
2391,42447144,42456578,East91stStreet,34.14641133648237,38.040664265716465
2392,42447144,42444814,LexingtonAvenue,9.705847479134553,11.534308989077491
2393,42447399,42447389,West141stStreet,22.69590578534033,25.72416643047414
2394,42432961,42447389,West141stStreet,33.60437200273723,42.51216356474647
2395,42447399,42442613,West141stStreet,27.754632380952373,33.944987908587265
2396,42438292,42442613,AmsterdamAvenue,13.653363185975609,14.670436614730878
2397,42433797,42442613,AmsterdamAvenue,11.211645683083512,15.60418670713202
2398,42447399,42438291,ConventAvenue,17.047959494117645,15.256197669532002
2399,42443658,42438291,ConventAvenue,11.674717004608295,14.294519011627909
2400,42438292,42438291,West142ndStreet,26.076147747035566,27.86858853628535
2401,42447399,42427735,ConventAvenue,14.936963510028649,17.434534455782313
2402,42438839,42427735,ConventAvenue,60.85315178791618,72.4605742268041
2403,42447389,42447399,West141stStreet,22.699649309271933,26.206968265376638
2404,42442613,42447399,West141stStreet,33.66080184804928,34.16783696248855
2405,42438291,42447399,ConventAvenue,15.035124551282058,19.32733751968503
2406,42427735,42447399,ConventAvenue,12.41643834997829,14.366636916967506
2407,42447389,42444853,HamiltonTerrace,57.2366816224189,64.0734642096774
2408,42447389,42432961,West141stStreet,30.24839141860464,34.19812665060239
2409,42439601,42432961,West141stStreet,17.870869606035193,22.917213579277863
2410,42432963,42432961,SaintNicholasAvenue,47.438907610350064,53.508234811529924
2411,42432960,42432961,SaintNicholasAvenue,17.227165407375654,22.95226921413501
2412,42447207,42452330,East123rdStreet,25.539041135802478,30.720222381902875
2413,42447207,42445189,LexingtonAvenue,9.2862845958948,11.804297609626763
2414,42447136,42454192,East87thStreet,31.127456775675377,41.64421292057682
2415,42429330,42454192,ParkAvenue,13.437726408597523,15.956631283448695
2416,42447136,42429334,LexingtonAvenue,11.504364308854427,13.974624515029438
2417,42429330,42429334,East86thStreet,31.78665633182112,42.53089605528223
2418,42429338,42429334,East86thStreet,37.96314247649365,46.282235108039465
2419,42447348,42438271,ChisumPlace,13.4467611409396,15.025859114470846
2420,42438275,42438271,West142ndStreet,23.566967580645162,34.06858206500955
2421,42447076,42455694,East69thStreet,39.421760136078156,42.86192902181955
2422,42447076,42431678,LexingtonAvenue,10.613490033859783,18.752237726667182
2423,42447154,42452812,East93rdStreet,34.19170305719921,37.30065905790782
2424,42447154,42447149,LexingtonAvenue,10.711183583318832,13.039183223157785
2425,42447330,42447326,ManhattanAvenue,12.920623883016205,14.182048315839697
2426,42447323,42447326,ManhattanAvenue,14.129701700598801,15.926581714029336
2427,42440122,42447326,West118thStreet,18.32133320733104,22.025159241877265
2428,42447330,42440125,West119thStreet,21.939171289134432,24.797824193954657
2429,42440122,42440125,MorningsideAvenue,10.59483020720276,14.269099069050553
2430,42429747,42440125,MorningsideAvenue,11.29117042810099,12.025164918389548
2431,42447330,42429744,ManhattanAvenue,13.62859970229381,15.537463508137435
2432,42445219,42429744,ManhattanAvenue,12.337361588652485,14.241278174474964
2433,42429747,42429744,West120thStreet,19.273529502702697,23.236891550255535
2434,42447326,42447330,ManhattanAvenue,13.80237209332191,16.29555644710579
2435,42435775,42447330,West119thStreet,23.638879860139884,29.048108001469522
2436,42429744,42447330,ManhattanAvenue,12.275221871880206,13.050249385542172
2437,42447326,42447323,ManhattanAvenue,11.728049295880151,12.983488036553526
2438,42437188,42447323,ManhattanAvenue,14.820974033118171,16.359380566487783
2439,42435766,42447323,West117thStreet,24.17723841688655,25.077375531496077
2440,42447326,42435770,West118thStreet,25.341073198781412,25.732151303571413
2441,42435775,42435770,8thAvenue,15.959169552147243,18.276865093333328
2442,42435766,42435770,8thAvenue,15.594382622189178,16.541897525884902
2443,42447323,42440112,West117thStreet,20.662744453125,26.125362161687175
2444,42440122,42440112,MorningsideAvenue,9.911788658256876,11.077128173741363
2445,42437196,42440112,MorningsideAvenue,11.361235196555596,15.007999270888766
2446,42447323,42437188,ManhattanAvenue,13.248670000000004,14.626355072691553
2447,42446778,42437188,ManhattanAvenue,14.308596800000009,16.994215862884158
2448,42437196,42437188,West116thStreet,18.445584130434774,20.975890143369185
2449,42435763,42437188,West116thStreet,22.972287931464173,26.08108314794816
2450,42447303,42447295,ManhattanAvenue,12.755023920515576,13.111402511835873
2451,42443413,42447295,West108thStreet,26.780438482257857,32.20471017042255
2452,42432737,42447295,ManhattanAvenue,13.923388736960359,16.530711208717133
2453,42447303,42443426,West109thStreet,25.687506857745728,28.610029674063078
2454,42435359,42443426,ColumbusAvenue,8.967417990850521,9.6983418009712
2455,42447317,42446778,ManhattanAvenue,12.477991193823,14.778685764216352
2456,42437188,42446778,ManhattanAvenue,13.854498658280926,15.266344839168804
2457,42435761,42446778,West115thStreet,24.69365982905983,25.68120347444699
2458,42447317,42435755,West114thStreet,24.268745514316024,28.42103539358601
2459,42435761,42435755,8thAvenue,17.764950127867625,18.16802481725388
2460,42431207,42435755,8thAvenue,14.197043529749372,15.724780975626455
2461,42447317,42431210,ManhattanAvenue,12.671247902725089,14.660051167129819
2462,42440104,42431210,MorningsideAvenue,11.131698712041883,12.54351642857143
2463,42437218,42431210,ManhattanAvenue,13.848609905590324,17.077975162037028
2464,42431207,42431210,West113thStreet,25.59213917038929,28.97889135785007
2465,42447115,42452954,East81stStreet,37.404241900709216,44.944733573020066
2466,42447115,42438498,LexingtonAvenue,10.994001463513492,13.529685943827651
2467,42447295,42435341,West108thStreet,25.684775139423074,31.39457643059492
2468,42435343,42435341,CentralParkWest,11.439431711133913,13.7594573355098
2469,42432736,42435341,CentralParkWest,13.049098607714019,12.809765948266273
2470,42447295,42432737,ManhattanAvenue,11.419617182438193,12.675269266055045
2471,42432736,42432737,West107thStreet,23.9351376443682,26.366050795116138
2472,42421731,42432737,ManhattanAvenue,13.938996078772073,17.368503811051692
2473,42447199,42450071,East116thStreet,42.46935286740693,49.4936190488301
2474,42443085,42450071,East116thStreet,26.34355928856005,29.862814093078732
2475,42435396,42450071,3rdAvenue,9.654590920504267,11.9480698620869
2476,42447199,42435395,LexingtonAvenue,10.574680262695413,13.58317793121882
2477,42435396,42435395,East115thStreet,16.490573526941922,18.6933248458283
2478,42447285,42447281,ManhattanAvenue,11.327261848802396,12.14918898812143
2479,42447278,42447281,ManhattanAvenue,10.76543767150396,12.543143397034592
2480,42435335,42447281,West103rdStreet,17.306568004901965,19.759271366799194
2481,42447285,42437916,ManhattanAvenue,13.286812979187653,14.670262113187967
2482,42435337,42437916,West105thStreet,20.375036476109226,23.89348884524459
2483,42421731,42437916,ManhattanAvenue,12.0587143111337,11.705857327313778
2484,42447285,42435336,West104thStreet,21.196474199200726,27.153238535889077
2485,42435335,42435336,CentralParkWest,11.185988113181057,11.594103059812458
2486,42435337,42435336,CentralParkWest,9.543067849342554,11.960546015262114
2487,42447201,42449833,East117thStreet,30.16058366650416,33.21967714418171
2488,42447281,42447285,ManhattanAvenue,12.201054489085006,14.125521660625283
2489,42443406,42447285,West104thStreet,22.099449187749663,27.701955040695488
2490,42437916,42447285,ManhattanAvenue,9.566983459167949,12.473445157342653
2491,42447281,42447278,ManhattanAvenue,10.178887392670156,11.593112502756341
2492,42447275,42447278,ManhattanAvenue,11.608785846774195,12.364978030119016
2493,42447281,42435335,West103rdStreet,17.368464548981578,23.149073453536747
2494,42435336,42435335,CentralParkWest,10.167876424638674,12.515253113375785
2495,42435333,42435335,CentralParkWest,11.15333493486784,11.507187943741698
2496,42447278,42447275,ManhattanAvenue,8.117779289099525,9.090525149330583
2497,42447273,42447275,ManhattanAvenue,12.327078183279744,14.081296155473296
2498,42435331,42447275,West101stStreet,17.810424334655593,16.84662003891052
2499,42447278,42435333,West102ndStreet,14.33490159693878,18.532000658753702
2500,42435335,42435333,CentralParkWest,10.065199576504707,12.177845586386294
2501,42435331,42435333,CentralParkWest,10.87767968901233,11.178380398557103
2502,42447275,42447273,ManhattanAvenue,13.814791357421882,11.948145595505624
2503,42443403,42447273,West100thStreet,24.043500613740445,27.422828689531215
2504,42447273,42425570,West100thStreet,22.379726227624307,27.262405598013004
2505,42435331,42425570,CentralParkWest,11.121546714112325,16.302518952791026
2506,42425232,42425570,CentralParkWest,29.580818095465197,29.15154450971404
2507,42447020,42447009,LexingtonAvenue,14.608091608531414,26.026749613364945
2508,42447336,42445219,ManhattanAvenue,12.19040602719034,13.685363579790517
2509,42432905,42445219,West121stStreet,24.56347008528783,29.22014968304277
2510,42429744,42445219,ManhattanAvenue,13.570527820091925,14.025119566490915
2511,42447336,42432917,West122ndStreet,20.70993772891879,23.285171192411923
2512,42435802,42432917,FrederickDouglassBoulevard,15.0585360281065,20.326074129353238
2513,42432905,42432917,SaintNicholasAvenue,16.25158514585765,20.409211649344773
2514,42432926,42432917,SaintNicholasAvenue,20.229840021390377,21.004183786307046
2515,42447176,42450052,East100thStreet,31.36125798122065,38.314523459735845
2516,42445261,42450052,3rdAvenue,9.011856624653516,11.00618043679539
2517,42447176,42445259,LexingtonAvenue,7.271905250160128,10.953078279569885
2518,42445261,42445259,East99thStreet,20.69935405654385,26.48268403399804
2519,42447166,42450044,East96thStreet,36.08009740688579,45.73771088424436
2520,42443054,42450044,East96thStreet,43.896723875432514,52.69955833804409
2521,42434172,42450044,3rdAvenue,10.896039782367346,12.257580883535008
2522,42447166,42434169,LexingtonAvenue,11.103205397769775,14.79281364883815
2523,42434172,42434169,East95thStreet,38.81096809744106,41.03689412842061
2524,42447249,42447246,ChurchStreet,21.46562131371293,25.31845886392325
2525,42430126,42447246,LispenardStreet,35.94084390392048,40.6916120789353
2526,42447249,42428428,WalkerStreet,51.46536609906773,66.18752264519277
2527,42428433,42428428,Broadway,17.077470392932106,24.790716196450624
2528,42446933,42445411,LexingtonAvenue,14.584702616482973,12.742846362565501
2529,42445409,42445411,East30thStreet,56.48635174787663,57.86695146103896
2530,42447235,42447069,East66thStreet,40.6655764518724,51.04282365720592
2531,42437433,42447069,LexingtonAvenue,11.312161196730818,20.50961079241096
2532,42447235,42437436,3rdAvenue,9.545673059170865,11.988906576497913
2533,42437445,42437436,East67thStreet,51.205431827977144,56.98530217665753
2534,42447169,42449005,East97thStreet,41.4063981947665,51.68984890154599
2535,42447105,42450015,East79thStreet,34.14026347611976,42.57245026740718
2536,42443027,42450015,East79thStreet,53.54718544768707,55.1487964776845
2537,42436919,42450015,3rdAvenue,10.387468764732326,12.199548018661025
2538,42447105,42436917,LexingtonAvenue,11.51941556861798,15.245816753013784
2539,42447230,42445976,East66thStreet,35.99100159937128,42.297099155739524
2540,42445972,42445976,MadisonAvenue,10.193536221413273,12.704274428744409
2541,42447230,42437428,ParkAvenue,12.35347541316103,15.248105750916405
2542,42437433,42437428,East67thStreet,33.7991806387727,39.015907562799775
2543,42447084,42450009,East76thStreet,42.59836976944415,51.628770666758264
2544,42430063,42450009,3rdAvenue,9.510160242007098,10.975973968078813
2545,42447084,42430060,LexingtonAvenue,10.111010739864893,14.871780441797593
2546,42430063,42430060,East75thStreet,39.01859173884352,45.274419792717104
2547,42446932,42454522,East27thStreet,52.54316148566811,51.98825738642734
2548,42446266,42454522,ParkAvenueSouth,15.329401829689846,13.644207595431904
2549,42429888,42454522,ParkAvenueSouth,17.894523628868555,21.226418279502155
2550,42446932,42429890,LexingtonAvenue,14.03059260146197,11.517214739665976
2551,42429888,42429890,East26thStreet,45.4812522024686,48.09904784425232
2552,42447126,42448216,East83rdStreet,40.67746201716736,46.20833350501115
2553,42447126,42439399,LexingtonAvenue,10.952377652683769,13.047348254194606
2554,42446885,42455452,NathanD.PerlmanPlace,19.06700055072464,18.170827
2555,42431467,42455452,NathanD.PerlmanPlace,9.712217204678359,19.342067681159417
2556,42446885,42442877,East17thStreet,29.50794433689838,31.097695625396824
2557,42437287,42442877,2ndAvenue,12.605348594738054,11.234006631454344
2558,42447060,42449985,East65thStreet,39.352186324890155,50.03559760347985
2559,42431656,42449985,3rdAvenue,9.95192175847535,13.133253221235295
2560,42447060,42431654,LexingtonAvenue,12.078925045678075,21.677474611275848
2561,42447030,42449982,East62ndStreet,47.635391708224155,58.9137875145712
2562,42436519,42449982,3rdAvenue,10.3201958232901,14.608736040082546
2563,42447030,42436516,LexingtonAvenue,11.874699761981445,22.90723543242607
2564,42436519,42436516,East61stStreet,46.21088563379138,63.816418449165724
2565,42447237,42442983,East66thStreet,59.604883495477026,67.62639232194726
2566,42437445,42442983,2ndAvenue,12.620292142037153,21.740300491448828
2567,42447237,42437451,1stAvenue,8.728540785150678,12.14610942293997
2568,42427985,42437451,East67thStreet,34.58834491654681,45.54127234648226
2569,42447007,42449971,East58thStreet,41.55537014131591,63.278441270296895
2570,42432856,42449971,3rdAvenue,14.192398521559431,22.971989009666014
2571,42446998,42449963,East54thStreet,45.51011003817653,58.030473079771134
2572,42436707,42449963,3rdAvenue,12.08188944591487,20.939686472461577
2573,42446998,42436705,LexingtonAvenue,14.925956215398562,20.045039080833075
2574,42436707,42436705,East53rdStreet,48.789035735623635,67.04477909689557
2575,42446994,42449961,East52ndStreet,51.81983912361372,61.88641758379329
2576,42440463,42449961,3rdAvenue,12.423513306934854,19.02958421813933
2577,42446994,42440459,LexingtonAvenue,15.261439714702613,21.416098100961094
2578,42440463,42440459,East51stStreet,52.540195252162896,68.84969380021509
2579,42446991,42449956,East50thStreet,46.414517632581216,56.22184946945466
2580,42438891,42449956,3rdAvenue,12.758672990005401,19.198396246530628
2581,42446991,42438889,LexingtonAvenue,14.944384671225212,20.713546805552166
2582,42438891,42438889,East49thStreet,51.656113371031644,68.13121762983283
2583,42439813,42437753,JamesStreet,16.696860975371386,20.852466158987
2584,42437749,42437753,MadisonStreet,11.728594770810128,12.293340298648216
2585,42431992,42437753,MadisonStreet,7.5688579013614214,9.246623933880064
2586,42439813,42437749,SaintJamesPlace,28.28629345021502,25.04647746966559
2587,42444277,42437749,SaintJamesPlace,21.116204212105092,21.193263387050084
2588,42437753,42437749,MadisonStreet,10.938602608347988,12.929756757259867
2589,42447069,42447060,LexingtonAvenue,11.777255041640416,20.11883101098629
2590,42446797,42455493,10thAvenue,13.287742000000001,13.982300000000002
2591,42435415,42455493,10thAvenue,5.9333735235731995,7.023612524429963
2592,42446797,42445563,West205thStreet,25.190217647058827,28.43999375
2593,42445051,42445563,9thAvenue,8.909077058823533,13.281702666666664
2594,42440499,42445563,9thAvenue,15.658557142857143,16.80425
2595,42446854,42453395,VeseyStreet,29.16614457479681,37.122318318856344
2596,42429570,42453395,WestStreet,26.48583811092729,33.715530023828414
2597,42446854,42446849,NorthEndAvenue,7.822660003955697,12.189465346039976
2598,42446800,42446849,NorthEndAvenue,21.26216194361757,26.277026210273487
2599,42445286,42446849,VeseyPlace,19.15942613402062,25.636284819047614
2600,42446959,42449945,East42ndStreet,44.498402117779825,47.412754676667824
2601,42442937,42449945,East42ndStreet,52.357205229119565,63.462709007044154
2602,42432451,42449945,3rdAvenue,16.166887271270532,22.216523189680185
2603,42446959,42432444,LexingtonAvenue,15.282209155688872,20.588924012618392
2604,42447009,42447007,LexingtonAvenue,15.05717522652247,23.98357602641651
2605,42447246,42440825,ChurchStreet,20.26990679986019,25.437877403534607
2606,42440820,42440825,CanalStreet,21.55378828822768,31.95182551558755
2607,42433573,42440825,CanalStreet,12.493944709751904,18.836937126782328
2608,42447246,42428433,LispenardStreet,49.48852523574313,60.25592032085558
2609,42440815,42428433,CanalStreet,40.617699565639796,54.0166954323002
2610,42440820,42428433,CanalStreet,21.103427061094123,34.29428125775916
2611,42428434,42428433,Broadway,16.264555758407912,24.098112469950514
2612,42446949,42449942,East40thStreet,38.13779795291259,43.60448411696235
2613,42445661,42449942,3rdAvenue,11.184775614830492,16.46469836735994
2614,42446949,42445656,LexingtonAvenue,14.890688483483329,20.002478532487995
2615,42445661,42445656,East39thStreet,55.710512178764354,69.6735253166041
2616,42446999,42448338,East55thStreet,50.360380961907794,64.15346512849521
2617,42446999,42446998,LexingtonAvenue,14.601480205115626,20.13861530548285
2618,42446941,42449932,East36thStreet,42.542788373858905,48.281635937341754
2619,42434959,42449932,3rdAvenue,11.751703282774878,17.128950630506946
2620,42446941,42434954,LexingtonAvenue,12.526326148611824,14.839177511816125
2621,42434959,42434954,East35thStreet,44.44005818616951,54.118937126724184
2622,42446942,42449683,East37thStreet,45.40715319190196,61.40988116539146
2623,42446942,42446941,LexingtonAvenue,11.817896115150154,14.087636362354464
2624,42446919,42439718,West160thStreet,13.92384376,15.404412870370368
2625,42439721,42439718,EdgecombeAvenue,21.21711135802469,23.781890090090094
2626,42438255,42439718,EdgecombeAvenue,10.24944661157025,16.278534017094017
2627,42446925,42448693,East23rdStreet,46.92939421249529,50.65911179998093
2628,42445867,42448693,East23rdStreet,39.52249422116575,43.4736762719073
2629,42440323,42448693,ParkAvenueSouth,24.291527829455344,25.506232785614053
2630,42436578,42448693,ParkAvenueSouth,16.156091928353753,14.81211236294654
2631,42446925,42440325,LexingtonAvenue,15.97593979017959,13.941313321045845
2632,42440323,42440325,East22ndStreet,40.2921820955869,43.12712374466028
2633,42446772,42453216,LenoxAvenue,10.171862523986686,11.498541605141716
2634,42433165,42453216,West114thStreet,29.602179727626467,32.80143969444446
2635,42431200,42453216,LenoxAvenue,10.4421003718091,11.546219855741494
2636,42446875,42449890,3rdAvenue,16.326223742335635,12.236295930305893
2637,42434354,42449890,East16thStreet,45.046315376363346,42.72583363984671
2638,42431459,42449890,3rdAvenue,15.058953028286858,14.3120448489398
2639,42446875,42434355,East17thStreet,43.24869250625503,42.81855960266767
2640,42434354,42434355,IrvingPlace,18.70275446769232,19.504577585776673
2641,42434357,42434355,IrvingPlace,19.958384508196712,16.825037714660255
2642,42446609,42455705,10thAvenue,4.721295069444441,5.641387579365077
2643,42445773,42455705,10thAvenue,18.368664600000002,20.3782096969697
2644,42427873,42455705,IshamStreet,12.520284482758624,14.524731
2645,42446609,42431257,10thAvenue,10.329914461538463,12.367837631578945
2646,42431252,42431257,West207thStreet,8.543586466165417,11.446951333333335
2647,42431260,42431257,West207thStreet,25.174869999999995,30.08283975806452
2648,42446889,42446885,East17thStreet,35.864256774781644,37.87173471165986
2649,42446889,42437289,1stAvenue,9.608177786011623,10.096900790533487
2650,42437287,42437289,East18thStreet,48.008299605057466,52.170444795923316
2651,42446849,42446800,NorthEndAvenue,14.078244977593538,17.53595368746322
2652,42446825,42446800,NorthEndAvenue,31.58646111717613,35.34851827830187
2653,42429633,42446800,MurrayStreet,22.979140097613854,25.0711632239156
2654,42429577,42446800,MurrayStreet,31.961384053191505,42.7160442147956
2655,42446849,42445286,VeseyPlace,18.13669054600607,22.812883182751555
2656,42429633,42445286,RiverTerrace,18.249689140767824,22.601316167964395
2657,42446571,42455013,AvenueC,15.980910960862285,13.031725667989905
2658,42430938,42455013,AvenueC,13.226557705373681,10.92889466447274
2659,42446571,42436957,AvenueC,13.457007132253716,11.21261704145982
2660,42440754,42436957,AvenueC,17.514323618227394,14.725933800515607
2661,42436959,42436957,East13thStreet,32.24296398713826,43.04400825581395
2662,42446562,42436947,AvenueB,23.025461728237016,21.84893416111449
2663,42439001,42436947,AvenueB,18.860421351971265,14.58441806547827
2664,42436949,42436947,East13thStreet,45.52928185840712,61.63008902173915
2665,42446825,42445291,WarrenStreet,20.585939275521422,23.738619541284407
2666,42431635,42445291,RiverTerrace,14.572117723958335,16.86594927785924
2667,42429633,42445291,RiverTerrace,25.028346743362828,27.07670161695448
2668,42446825,42431630,NorthEndAvenue,18.452896400930435,18.56529894674712
2669,42431635,42431630,ChambersStreet,23.910262988439307,20.340677738238835
2670,42446552,42436944,AvenueA,25.99104479198532,19.180633452690152
2671,42439006,42436944,AvenueA,24.017360428614012,19.410163863218678
2672,42436947,42436944,East13thStreet,37.004199337434954,33.904019742930586
2673,42446800,42446825,NorthEndAvenue,32.042996447994554,34.37640291887795
2674,42445291,42446825,WarrenStreet,24.838847950469685,32.046905624012645
2675,42431630,42446825,NorthEndAvenue,14.081634517719154,18.436231806331467
2676,42446800,42429633,MurrayStreet,19.47592452677916,26.06148866251943
2677,42445291,42429633,RiverTerrace,25.632776013117013,32.02117856502244
2678,42445286,42429633,RiverTerrace,15.994464231188656,19.456962214839425
2679,42446800,42429577,MurrayStreet,21.40318704136449,26.219414625759878
2680,42429570,42429577,MurrayStreet,22.59983776740973,27.637159290409908
2681,42447208,42434129,LexingtonAvenue,13.749536330777659,22.412810561949907
2682,42434131,42434129,East126thStreet,18.73085369990459,18.623248586563943
2683,42446778,42447317,ManhattanAvenue,13.636811092012133,14.901155151456315
2684,42440104,42447317,West114thStreet,6.088144685759745,6.068102072538861
2685,42431210,42447317,ManhattanAvenue,12.726937902931926,15.366063816940475
2686,42446778,42440108,West115thStreet,14.314302466960351,16.289472327044027
2687,42440104,42440108,MorningsideAvenue,10.780319347277313,13.380160290478756
2688,42437196,42440108,MorningsideAvenue,12.451108752783965,13.746174717741921
2689,42447419,42427136,HavenAvenue,30.470210312500008,32.261998888888876
2690,42428978,42427136,West168thStreet,38.851063541666655,51.01640878906251
2691,42427139,42427136,FortWashingtonAvenue,12.9636804109589,18.56929756410257
2692,42427133,42427136,FortWashingtonAvenue,22.010330234285703,43.37507091814947
2693,42446733,42437218,ManhattanAvenue,15.771993437346039,19.993695987886134
2694,42431210,42437218,ManhattanAvenue,15.195138130659778,18.413361928460354
2695,42446721,42432352,5thAvenue,5.205926403808591,6.562122387715464
2696,42432376,42432352,FrawleyCircle,9.521776384305095,11.375841226346429
2697,42446455,42454679,5thAvenue,8.942197229373832,15.254420290263045
2698,42444457,42444458,East125thStreet,24.726024922049,28.558796993749986
2699,42443116,42444458,East125thStreet,20.910587222808864,24.06634658994084
2700,42438774,42444458,3rdAvenue,12.448414588922017,18.97528151035322
2701,42444457,42438772,LexingtonAvenue,8.971236552258363,10.371865406693004
2702,42444453,42434122,MadisonAvenue,12.900663611130149,21.017682299040693
2703,42446533,42449886,3rdAvenue,22.7448488216366,18.272860917070805
2704,42442862,42449886,East11thStreet,47.137538559933994,43.31778856298441
2705,42430886,42449886,3rdAvenue,17.290883883678347,14.214374527151024
2706,42446533,42442870,East12thStreet,67.74647065135669,60.951298896616315
2707,42436942,42442870,2ndAvenue,15.441384474518022,13.125136298624222
2708,42446533,42436941,3rdAvenue,16.992773439968158,14.990758299354155
2709,42440729,42436941,3rdAvenue,22.59267412846781,18.708169516550523
2710,42436942,42436941,East13thStreet,50.50020887353076,47.137119976185495
2711,42446701,42443680,5thAvenue,15.94512945623682,16.25862724529523
2712,42428234,42443680,West32ndStreet,73.88120526277163,104.16848400476765
2713,42446701,42428239,West33rdStreet,93.0080058654271,117.641701531176
2714,42446331,42454611,AudubonAvenue,11.847320557768922,15.686570499999995
2715,42433046,42454611,West174thStreet,22.59075705882352,28.35232983870968
2716,42429457,42454611,AudubonAvenue,7.317965133079849,18.417274907407407
2717,42446331,42433057,West175thStreet,18.12742043165468,26.625242424242433
2718,42433046,42433057,SaintNicholasAvenue,6.783498098802398,12.73510912751678
2719,42433058,42433057,SaintNicholasAvenue,11.200156344410876,13.535773464052285
2720,42446986,42434085,LexingtonAvenue,14.055383627851615,18.425937910317995
2721,42446604,42427867,West204thStreet,10.372176850393704,12.005194761904768
2722,42437923,42427867,West204thStreet,17.357011648351655,24.0637514
2723,42427863,42427867,ShermanAvenue,17.77621447368421,31.00991675675677
2724,42427870,42427867,ShermanAvenue,37.54309230769231,37.973801875
2725,42446547,42436943,1stAvenue,13.525309331477706,12.307104136372807
2726,42436944,42436943,East13thStreet,54.868895182764454,45.111266768932644
2727,42446528,42436939,4thAvenue,23.010547260084767,23.67604192049848
2728,42436941,42436939,East13thStreet,56.59606181356617,55.04944651581538
2729,42446266,42446270,East28thStreet,58.029954162042166,53.10040507582139
2730,42436751,42446270,LexingtonAvenue,13.487189582334342,11.670291684459484
2731,42446266,42436748,ParkAvenueSouth,16.32216193584995,20.796935096433906
2732,42445409,42436748,ParkAvenueSouth,14.893171192111886,13.846210124746746
2733,42436751,42436748,East29thStreet,51.005060538090525,53.7330903335622
2734,42444985,42433625,9thAvenue,12.554667579981437,18.30362674559385
2735,42447210,42424757,LexingtonAvenue,13.601799881796696,20.529677718223578
2736,42446231,42454553,10thAvenue,9.402804634146342,9.058322380952381
2737,42444873,42454553,West215thStreet,26.080175,21.824
2738,42429960,42454553,10thAvenue,8.076048620253168,8.90316309302326
2739,42429242,42454553,West215thStreet,10.22451411764706,9.676618888888887
2740,42446231,42444880,West216thStreet,28.96357777777777,36.6535
2741,42444873,42444880,9thAvenue,12.692217272727273,17.873720000000002
2742,42429703,42444880,9thAvenue,18.282675,16.310216666666665
2743,42446231,42429244,West216thStreet,5.3410510526315775,7.6465074999999985
2744,42429242,42429244,Broadway,12.635600612244895,17.46554857142857
2745,42446466,42447084,LexingtonAvenue,10.60884000607473,14.669344801687396
2746,42446466,42446461,East77thStreet,35.110541292588,41.258152295318304
2747,42446147,42456711,East109thStreet,20.439554478594953,26.01143042832168
2748,42432395,42456711,5thAvenue,9.063488825435707,11.07833370076849
2749,42446147,42434377,MadisonAvenue,10.951453986587673,14.724703038308673
2750,42446472,42446466,East77thStreet,34.89120023019317,44.750813421350415
2751,42436917,42446466,LexingtonAvenue,9.86817269534811,13.89429736737642
2752,42446472,42436919,3rdAvenue,9.143367622732153,10.591018720290114
2753,42436917,42436919,East78thStreet,31.509559665104604,46.31629710114849
2754,42446488,42445914,East40thStreet,40.65037426807081,49.74351240233634
2755,42445651,42445914,MadisonAvenue,13.121425784180904,20.5254484538894
2756,42446488,42445649,5thAvenue,16.392632396330235,19.989952929315173
2757,42445651,42445649,East39thStreet,50.1567971481958,80.41007936339219
2758,42446363,42449550,10thAvenue,10.279142470293989,12.21228567226725
2759,42446363,42445027,West52ndStreet,63.49802841123025,68.43637892592051
2760,42446461,42446016,East77thStreet,38.389202573529396,43.63501445228599
2761,42446013,42446016,MadisonAvenue,10.030265674596182,11.680151151452689
2762,42446723,42437204,LenoxAvenue,11.900663193277307,13.045018149413018
2763,42433163,42437204,West112thStreet,18.63025633363068,20.519825402208205
2764,42431200,42437204,LenoxAvenue,9.622073216216217,11.141568153180977
2765,42446723,42433163,SaintNicholasAvenue,15.56314601419413,18.89186915076693
2766,42437211,42433163,West112thStreet,37.036191798759475,38.05880121839581
2767,42431201,42433163,SaintNicholasAvenue,15.015030059479553,18.508897760736197
2768,42446723,42426374,LenoxAvenue,14.289291284372904,16.82360199613153
2769,42433743,42426374,CentralParkNorth,56.395233083231524,61.71685453671047
2770,42446668,42437670,10thAvenue,11.156656440102394,18.94281229493937
2771,42446478,42443024,East77thStreet,41.17459575709569,53.48577726644135
2772,42436921,42443024,2ndAvenue,11.08144709960763,14.83705128407208
2773,42446478,42436922,1stAvenue,8.637503847365446,9.90394474513759
2774,42436921,42436922,East78thStreet,47.286022689440564,54.121739173111294
2775,42446902,42429700,West4thStreet,28.238287883501574,23.512200720289155
2776,42430217,42429700,6thAvenue,14.956251993424726,13.26679726823844
2777,42429701,42429700,CorneliaStreet,58.028209359790345,44.108252745591926
2778,42446632,42438030,WashingtonStreet,15.22583467716534,22.58897554240633
2779,42446632,42436181,RectorStreet,24.27319276344555,23.49265425185185
2780,42436178,42436181,GreenwichStreet,14.282210670241295,20.719886427939887
2781,42436184,42436181,GreenwichStreet,17.46507930796914,27.907649378124066
2782,42446353,42445930,East52ndStreet,55.43879781226496,72.45470800465793
2783,42440453,42445930,MadisonAvenue,12.176675303899245,20.573103729161172
2784,42446353,42440452,5thAvenue,15.381925919373446,25.268150898689843
2785,42440453,42440452,East51stStreet,54.17400881705583,82.00751167489096
2786,42445994,42455693,East69thStreet,34.03267561518059,41.4410816567075
2787,42429680,42455693,5thAvenue,9.0931717884094,16.823681168855366
2788,42445994,42429682,MadisonAvenue,10.090994311661062,12.170162808419779
2789,42429680,42429682,East70thStreet,23.908438040906,36.98985348287112
2790,42446041,42454189,East87thStreet,21.830708381948988,29.66867290935888
2791,42445731,42454189,5thAvenue,8.111639662312967,12.393590769812588
2792,42446041,42445733,MadisonAvenue,8.95874853283838,10.948617578170042
2793,42445731,42445733,East88thStreet,23.857589459833783,31.026320672425214
2794,42446293,42446291,East28thStreet,29.56151295552368,27.958671007325982
2795,42446293,42422868,East28thStreet,65.46310477987423,52.14896234693878
2796,42446584,42436959,AvenueD,9.837454108280252,12.291100058823533
2797,42436957,42436959,East13thStreet,30.51447830637973,31.257052605042034
2798,42446584,42421837,East12thStreet,15.834437849829351,27.484077368421048
2799,42446072,42452809,East93rdStreet,27.959524905003143,30.976341755602125
2800,42444485,42452809,5thAvenue,8.11967470269854,11.812799735462644
2801,42446072,42444487,MadisonAvenue,8.833826263674922,11.66223936760349
2802,42444485,42444487,East94thStreet,28.6623064461305,33.93729180985259
2803,42446164,42449828,East117thStreet,26.3275703712297,34.92724651664147
2804,42439485,42449828,5thAvenue,9.75224883749742,11.852446121534125
2805,42446164,42439486,MadisonAvenue,8.732172732360805,10.873308025212188
2806,42439485,42439486,East118thStreet,33.82678381852552,40.12318064501975
2807,42446138,42450456,East106thStreet,20.891920512511312,25.91504562331145
2808,42445840,42450456,5thAvenue,9.912096222910213,13.71331117171717
2809,42446138,42445843,MadisonAvenue,9.64617633375878,11.815037955547266
2810,42445840,42445843,East107thStreet,27.068615615942026,30.25792458161865
2811,42446026,42452951,East81stStreet,32.12230213258784,41.15810767246675
2812,42439389,42452951,5thAvenue,8.619839966684111,16.141345018574118
2813,42446026,42439392,MadisonAvenue,8.775669734862479,10.985937761747149
2814,42439389,42439392,East82ndStreet,27.928103203207442,48.64844440253099
2815,42446521,42436935,UniversityPlace,27.232548002808965,24.422527335501357
2816,42428491,42436935,East13thStreet,38.093753844856685,36.46548881732965
2817,42446521,42428489,East12thStreet,56.74210977298241,52.41473307893923
2818,42428491,42428489,Broadway,24.69025149175454,22.61807824165144
2819,42445953,42453674,East60thStreet,53.04976545662782,66.86532418744791
2820,42436510,42453674,5thAvenue,14.208988348683345,26.387914260338906
2821,42440854,42440869,CanalStreet,11.603550298942995,12.763862370348447
2822,42445174,42440869,WestStreet,10.650442031075471,14.653933935234742
2823,42446187,42446190,MadisonAvenue,13.11138503043478,17.62153471690427
2824,42429530,42446190,East132ndStreet,27.804490182328205,34.06145054505007
2825,42446187,42438235,East131stStreet,19.21284410112359,25.40892185786802
2826,42429530,42438235,5thAvenue,15.8776939800995,18.386974067796615
2827,42445917,42454428,East43rdStreet,44.50593146415503,70.45440030341483
2828,42443556,42454428,5thAvenue,18.34042035787048,23.76847019363574
2829,42445917,42445920,MadisonAvenue,12.286978976843276,20.30487268774933
2830,42443556,42445920,East44thStreet,40.28822873894114,56.336302882202276
2831,42446152,42446721,East111thStreet,29.51381518456376,41.884112265193366
2832,42437201,42446721,5thAvenue,9.475550390990774,11.389984665144596
2833,42446152,42446155,MadisonAvenue,8.456192257598506,9.899672922143578
2834,42437201,42446155,East112thStreet,40.3373685729927,45.973581156793095
2835,42446275,42442898,East28thStreet,61.89159289588427,48.622007999083436
2836,42436754,42442898,2ndAvenue,10.3550421934519,9.590247008180278
2837,42446275,42436753,3rdAvenue,13.320941514489556,17.067902757778967
2838,42436754,42436753,East29thStreet,61.41468497933764,64.87680583212831
2839,42446617,42432241,PellStreet,29.08887957415565,29.806320297297287
2840,42432244,42432241,MottStreet,30.097139983026896,27.939821126279863
2841,42446169,42445183,MadisonAvenue,10.158265482778564,13.209312644849222
2842,42446036,42449187,East85thStreet,28.00803678931269,37.4482106836171
2843,42429314,42449187,5thAvenue,11.3434522500907,18.426209717045147
2844,42446036,42429324,MadisonAvenue,9.677789647919193,12.269447212180962
2845,42429330,42429324,East86thStreet,30.447547904781214,39.89552579733681
2846,42429314,42429324,East86thStreet,24.94543447034523,32.445883790042465
2847,42445924,42452353,East47thStreet,47.76088204796782,80.77057195673476
2848,42443528,42452353,5thAvenue,16.973905148984507,26.24673502380412
2849,42445924,42445926,MadisonAvenue,15.24519338328976,21.127802832868
2850,42443528,42445926,East48thStreet,49.35855446726536,67.16472371975405
2851,42446031,42448203,East83rdStreet,34.390581484767836,49.983712189926
2852,42435497,42448203,5thAvenue,8.904155250184669,13.423611341005474
2853,42446031,42435499,MadisonAvenue,8.294580466084318,10.45778144099798
2854,42435497,42435499,East84thStreet,31.404628530735675,37.12376658872711
2855,42446086,42443268,East96thStreet,24.957515499719246,33.46481274356102
2856,42443264,42443268,5thAvenue,8.634703633004392,18.618450369779172
2857,42443263,42443268,97thStreetTransverse,32.75356227789379,38.66720468529036
2858,42445773,42449593,10thAvenue,7.057217215189872,8.122394460431654
2859,42439432,42449593,10thAvenue,10.585862222222225,11.414488571428569
2860,42429228,42449593,West212thStreet,36.98865185185185,38.72384
2861,42445896,42451674,East31stStreet,52.48455225134406,73.22908778286373
2862,42443680,42451674,5thAvenue,15.718989474863506,16.03766347881476
2863,42445896,42445899,MadisonAvenue,13.051285368810033,19.49586703446226
2864,42443680,42445899,East32ndStreet,50.55950418392335,63.55443892545465
2865,42446099,42445256,MadisonAvenue,8.990324167282841,11.621626423708827
2866,42446337,42429002,West175thStreet,10.020053571428576,14.283633428571436
2867,42428998,42429002,Broadway,5.745800532633162,9.358632309782617
2868,42429006,42429002,Broadway,7.64802454261954,9.524059036918132
2869,42446337,42428998,WadsworthAvenue,11.768998571428574,15.685230279720287
2870,42429002,42428998,Broadway,7.9653652699784026,9.28096554257095
2871,42427156,42428998,West174thStreet,18.67780024,21.686822281553408
2872,42438476,42433243,SouthStreet,7.989071583024128,11.104069464209783
2873,42444255,42433243,SouthStreet,10.59197671627871,14.00505938806096
2874,42433237,42433243,PeckSlip,7.043072275401068,8.026170454189508
2875,42446016,42446455,East77thStreet,35.21999447522315,44.72156163691877
2876,42436911,42446455,5thAvenue,8.36960675657218,14.318436844451409
2877,42446016,42436913,MadisonAvenue,10.109982061344477,12.10145628857238
2878,42436911,42436913,East78thStreet,22.756262331362553,30.905618320453378
2879,42445976,42447228,East66thStreet,34.65611952666066,43.234130569830505
2880,42437423,42447228,5thAvenue,10.596268047993853,21.209555221559576
2881,42445899,42445903,MadisonAvenue,14.364953562061324,19.870601668054498
2882,42445640,42445637,AcademyStreet,13.769545,19.239070454545452
2883,42429217,42445637,AcademyStreet,7.408920869565216,11.201147037037037
2884,42446221,42428873,Broadway,21.32931992195552,31.48357769534332
2885,42438228,42428873,West131stStreet,28.28556460459184,36.745314622641494
2886,42438224,42428873,West131stStreet,13.145164919354837,21.91394000000001
2887,42445689,42454240,BennettAvenue,26.825977261146498,29.631656060606065
2888,42442378,42454240,West184thStreet,8.102314583333332,13.700884210526313
2889,42429044,42454240,West184thStreet,9.59934600431966,14.269322423469395
2890,42445689,42442384,West186thStreet,28.632562573099413,33.66817508196721
2891,42442378,42442384,OverlookTerrace,12.612411698717947,16.677914013840834
2892,42436297,42442384,OverlookTerrace,22.154758571428577,28.49271978260869
2893,42445689,42429072,West186thStreet,17.49179399999999,18.113783333333334
2894,42429058,42429072,Broadway,4.339291356946465,5.328325243415802
2895,42429083,42429072,Broadway,14.83788745454546,13.081988556338024
2896,42445867,42436575,MadisonAvenue,20.373548080633288,23.376655244828733
2897,42445867,42428201,East23rdStreet,38.392595191106025,41.75343014369125
2898,42437881,42428201,East23rdStreet,12.128974153808011,13.228875582378445
2899,42445757,42451773,EastEndAvenue,10.640617457433297,13.227445207636585
2900,42429348,42451773,EastEndAvenue,17.103017750172523,20.106417351870245
2901,42445757,42436556,EastEndAvenue,24.914466005774802,23.981671820143905
2902,42444822,42436556,EastEndAvenue,13.74955102389078,16.228524929917835
2903,42445675,42445674,West186thStreet,16.078452499999994,20.1604125
2904,42446171,42438704,MadisonAvenue,9.798680505542276,12.876325549241347
2905,42438702,42438704,East124thStreet,27.485376191895124,45.391504549699825
2906,42445702,42436336,NorthMooreStreet,39.684804625846674,48.52998154164614
2907,42436333,42436336,HudsonStreet,20.62558432470885,29.661890500814337
2908,42445700,42445702,NorthMooreStreet,27.405202397677783,38.19028388771931
2909,42445903,42446701,East33rdStreet,44.603557504848624,56.6440485822038
2910,42437644,42446701,5thAvenue,17.141042902693947,16.819089468506565
2911,42445903,42445365,MadisonAvenue,15.326532118666579,20.97503359725588
2912,42445369,42445365,East34thStreet,47.515807659458744,67.27418649556171
2913,42437644,42445365,East34thStreet,56.86711357579966,67.42804371736126
2914,42445666,42442933,East39thStreet,24.151572212230224,31.620281210146203
2915,42442935,42442933,2ndAvenue,12.962871492188196,16.27446639880377
2916,42445916,42445917,MadisonAvenue,13.996413855845358,23.021808042597552
2917,42443806,42445917,East43rdStreet,24.525330827458976,38.166202598766986
2918,42445916,42443804,East42ndStreet,24.335286717205538,28.588064120503105
2919,42446398,42430973,FDRDrive,11.518372714766276,12.698718829009467
2920,42445909,42445910,MadisonAvenue,13.817929178695298,21.67092870780256
2921,42433604,42445910,East38thStreet,39.530407825664696,47.10363437162629
2922,42445909,42443950,East37thStreet,50.48792030102666,75.16635058665572
2923,42433604,42443950,5thAvenue,16.410059592386173,18.12222705496094
2924,42445910,42445651,MadisonAvenue,13.012910926766587,20.466690232968908
2925,42445653,42445651,East39thStreet,50.723465867496344,77.53852296577949
2926,42445888,42436746,MadisonAvenue,14.797010810836769,21.748933411370093
2927,42436748,42436746,East29thStreet,53.84447589894689,60.95518935898696
2928,42445498,42458267,PrinceStreet,13.543817142051859,17.004837422277483
2929,42442255,42458267,CrosbyStreet,47.65386840053765,56.54336472279915
2930,42446386,42430713,West52ndStreet,26.573916451120162,36.20428267733135
2931,42430722,42430713,11thAvenue,11.292639480866976,17.238417641912832
2932,42430707,42430713,11thAvenue,13.860365413252163,12.323208579630373
2933,42446386,42424218,12thAvenue,15.829234584789994,21.043491920950906
2934,42430736,42424218,West54thStreet,28.07181276126819,37.768761301369885
2935,42445885,42445888,MadisonAvenue,15.591233385843678,22.399240606013727
2936,42438544,42445888,East28thStreet,55.16550674177079,59.441872056403206
2937,42445885,42434800,East27thStreet,52.588710325833034,61.243302814883506
2938,42438544,42434800,5thAvenue,13.932286554370975,12.215965501949745
2939,42445637,42429217,AcademyStreet,17.642452857142857,25.99166818181819
2940,42437921,42429217,AcademyStreet,13.042448224299061,18.792111408450705
2941,42429220,42429217,Broadway,25.962998073394484,22.924981772151906
2942,42429216,42429217,Broadway,6.148040622906902,8.627021133540376
2943,42445941,42443612,MadisonAvenue,11.445602411795626,19.812595768059413
2944,42431544,42443612,East56thStreet,40.87553323932393,64.25139168479576
2945,42445941,42440951,East55thStreet,54.824092181461104,75.43794734239799
2946,42431544,42440951,5thAvenue,15.597061284822725,26.191160988260993
2947,42445823,42445817,East107thStreet,23.9672555550146,27.47938045454545
2948,42445920,42444043,MadisonAvenue,13.782245395747895,20.54280658532537
2949,42443810,42444043,East45thStreet,24.475606975377197,40.759416981487114
2950,42445920,42443807,East44thStreet,17.284002849812513,29.77853977518281
2951,42443806,42443807,VanderbiltAvenue,15.841125195967054,25.65227813605751
2952,42443810,42443807,VanderbiltAvenue,16.83712508224503,30.64866654009749
2953,42445843,42445840,East107thStreet,21.41092777408639,23.754754477611943
2954,42436637,42445840,5thAvenue,9.710643982021212,12.598596547629285
2955,42445843,42436640,MadisonAvenue,9.066555557481099,11.201451426228981
2956,42436637,42436640,East108thStreet,37.08530586062718,43.845008666941816
2957,42445644,42451736,10thAvenue,4.1079474796084785,4.911515127388537
2958,42435415,42451736,10thAvenue,10.383740172413797,15.422541818181818
2959,42445644,42432722,West201stStreet,24.558529999999998,71.44611666666667
2960,42445827,42445823,East107thStreet,18.284827378215653,23.65455595273265
2961,42436644,42445823,LexingtonAvenue,7.4784417351482,10.19652466089631
2962,42445827,42436647,3rdAvenue,8.062405331098066,9.79900817455724
2963,42436644,42436647,East108thStreet,27.57928564102565,31.16862671790235
2964,42445620,42452076,OrchardStreet,33.59447704976728,37.27642151339987
2965,42440686,42452076,GrandStreet,24.742235010113287,25.59407331270821
2966,42437996,42452076,GrandStreet,17.002938612776155,17.776949838056666
2967,42445620,42440682,HesterStreet,12.111440999541488,15.235914268585127
2968,42440686,42440682,LudlowStreet,46.20061780469899,43.951884694401656
2969,42445617,42440785,EssexStreet,38.24135458433939,33.640250171942185
2970,42440679,42440785,CanalStreet,12.41341613471971,12.393387590975255
2971,42433547,42440785,RutgersStreet,19.07736483345145,15.779455984555973
2972,42433549,42440785,CanalStreet,19.40581068292684,13.638538093841634
2973,42445606,42452056,ElizabethStreet,35.354773729174056,40.991076827957
2974,42432282,42452056,GrandStreet,26.840591456340643,29.79378405851733
2975,42445606,42432250,HesterStreet,31.242089455264804,44.808297786596135
2976,42432282,42432250,MottStreet,42.83237924651161,58.2917365802869
2977,42445680,42433077,West186thStreet,24.911894220183488,32.304165714285716
2978,42433075,42433077,SaintNicholasAvenue,12.075949613899605,15.3065993814433
2979,42433080,42433077,SaintNicholasAvenue,15.07908945945946,15.610621764705884
2980,42446245,42432077,AttorneyStreet,56.89647333333333,85.44419
2981,42432075,42432077,StantonStreet,23.78062900403573,22.9700102036761
2982,42434992,42455245,AudubonAvenue,7.162250976430977,15.740474977777787
2983,42433044,42455245,West172ndStreet,22.043604325842693,31.08226577464788
2984,42429457,42455245,AudubonAvenue,11.603230253164554,14.85241705128206
2985,42446291,42429910,MountCarmelPlace,25.856465417607218,26.639792284946214
2986,42429900,42429910,East26thStreet,28.28307058365301,33.42410263451503
2987,42446424,42425100,DelanceyStreet,10.094523597578352,8.998355604858304
2988,42445656,42446945,LexingtonAvenue,14.988557126133998,18.887536877812426
2989,42445656,42445653,East39thStreet,49.80353819838736,69.89397296245734
2990,42445258,42458960,ParkAvenue,11.878408192741542,13.398752378983636
2991,42445635,42446604,PostAvenue,20.113361203703704,26.68791953124999
2992,42431252,42446604,PostAvenue,21.205562592592607,24.086892777777773
2993,42427867,42446604,West204thStreet,18.06937153846153,26.31928595744682
2994,42445635,42432789,PostAvenue,30.9463104,34.799082608695656
2995,42427859,42432789,DyckmanStreet,17.800610923913048,24.129948539325852
2996,42445635,42427863,AcademyStreet,11.776394468085105,17.044029999999992
2997,42437921,42427863,AcademyStreet,19.453555416666674,24.175009682539677
2998,42427867,42427863,ShermanAvenue,31.90295263157896,40.44914285714286
2999,42427859,42427863,ShermanAvenue,18.64419187817259,27.193408811881188
3000,42445417,42453187,1stAvenue,27.11639298758879,40.509091659409144
3001,42445740,42443042,East88thStreet,46.31719935807808,58.3620849293624
3002,42436549,42443042,2ndAvenue,11.65095478421499,12.046748386669432
3003,42445740,42436546,3rdAvenue,9.205008957688849,11.547811012953794
3004,42436549,42436546,East89thStreet,57.99128685101579,64.56323629532443
3005,42445563,42440499,9thAvenue,10.49257484848485,14.366685517241375
3006,42431260,42440499,9thAvenue,11.251226956521744,13.976610370370373
3007,42445263,42456091,1stAvenue,8.700744861751147,10.153644804188623
3008,42443061,42456091,East100thStreet,35.80840086538458,44.747925902061816
3009,42433376,42456091,East100thStreet,25.857561851851845,50.49536439999998
3010,42445263,42443058,East99thStreet,25.12042644994018,37.33863413763808
3011,42443061,42443058,2ndAvenue,9.025819427560108,12.970226538296961
3012,42445263,42433377,East99thStreet,22.72188043478261,26.702144497991966
3013,42433376,42433377,FDRDrive,12.49920338983051,18.125427666666667
3014,42445585,42445587,West137thStreet,48.977113114754104,51.988846031746036
3015,42440376,42445587,MalcolmXBoulevard,14.450764402730375,16.262542488038275
3016,42435953,42445587,West138thStreet,35.85426730418946,45.31552718327182
3017,42435967,42445587,West138thStreet,45.498666374695865,56.70788425587468
3018,42434361,42445587,LenoxAvenue,14.567491560732126,17.076779381399323
3019,42445585,42427834,5thAvenue,11.668909436090225,14.891564048964215
3020,42437928,42427834,5thAvenue,14.260903420202437,17.973894280559346
3021,42434361,42427834,West136thStreet,53.64741859099802,66.41955112179487
3022,42445674,42442755,West186thStreet,15.142407272727278,15.156443255813954
3023,42442750,42442755,AmsterdamAvenue,10.548262620000003,12.974586541666673
3024,42436285,42442755,AmsterdamAvenue,17.25694347826087,26.61996388888888
3025,42445672,42442741,LaurelHillTerrace,65.79036153846154,99.7925
3026,42438186,42442741,AmsterdamAvenue,10.934826339285717,12.138363023255813
3027,42445672,42436283,LaurelHillTerrace,18.544182386363627,21.87189311111112
3028,42442764,42436283,LaurelHillTerrace,27.75320888888889,42.236128571428594
3029,42445413,42449926,3rdAvenue,12.374311147064647,17.04244682395677
3030,42442906,42449926,East31stStreet,59.61835502292982,61.88549417249421
3031,42445413,42442902,East30thStreet,60.29993673608897,63.126517058394136
3032,42442906,42442902,2ndAvenue,10.720781191485381,10.466871652441103
3033,42445569,42444385,CoentiesSlip,8.8187889372732,10.960135796579658
3034,42427953,42444385,PearlStreet,20.881506662484323,21.496326162086643
3035,42421985,42421982,West61stStreet,50.40422727272726,47.94113064461697
3036,42442404,42421982,AmsterdamAvenue,8.88244541375143,10.490078628427336
3037,42421978,42421982,West61stStreet,45.157322817460326,60.03316075376886
3038,42442918,42455915,East36thStreet,48.056652695375575,61.647890994714025
3039,42434974,42455915,1stAvenue,7.43382387287309,10.262246032335872
3040,42442918,42434965,2ndAvenue,15.582738229216854,19.881665999775297
3041,42434962,42434965,East35thStreet,8.296296429000511,14.061276262507937
3042,42434969,42434965,East35thStreet,15.475583589924438,18.716247113285924
3043,42445914,42432438,MadisonAvenue,13.734694014424322,19.998645506078613
3044,42432436,42432438,East41stStreet,39.43783435037271,41.73224487181149
3045,42445484,42445481,LafayetteStreet,21.475284186616847,30.25534428679104
3046,42427307,42445481,WhiteStreet,19.43129711356466,32.756761091405195
3047,42445484,42427311,WalkerStreet,20.82187848966327,28.95399044609667
3048,42427307,42427311,CentreStreet,20.082515280761715,30.502284271008392
3049,42445481,42445479,LafayetteStreet,15.102533307607498,20.46313296380735
3050,42428420,42445479,FranklinStreet,23.97135727879278,34.145382018546485
3051,42445481,42428425,WhiteStreet,38.37374970238093,47.961687052489864
3052,42428428,42428425,Broadway,18.75862227163293,26.62394904148391
3053,42445479,42445474,LafayetteStreet,14.556499166666674,21.20229987203614
3054,42427305,42445474,LeonardStreet,23.39256493589744,35.445984925932564
3055,42445474,42445466,LafayetteStreet,15.245494068723168,22.348334160038
3056,42428411,42445466,WorthStreet,39.356299922820895,52.153934171215184
3057,42427300,42445466,WorthStreet,23.119754333112134,30.600421674835463
3058,42445474,42428417,LeonardStreet,36.77099056269383,47.573925347817834
3059,42428420,42428417,Broadway,14.866411027297456,20.52643440205743
3060,42445574,42442286,VarickStreet,16.51801813529564,19.363460808744605
3061,42436355,42442286,SpringStreet,48.93032660530358,58.51450449860164
3062,42445574,42436359,VandamStreet,35.83105512771997,33.89538763360366
3063,42436355,42436359,HudsonStreet,10.769878034773651,13.591899349072676
3064,42436093,42436359,VandamStreet,17.660879827361565,24.64348518996589
3065,42445215,42453236,LenoxAvenue,12.409756170983016,14.206283392900842
3066,42439858,42453236,West122ndStreet,44.96276057036575,59.76358631029984
3067,42438908,42453236,LenoxAvenue,16.221945016906176,17.472968525661972
3068,42433718,42437819,3rdPlace,24.281087625000005,43.579372799999994
3069,42433718,42433715,BatteryPlace,9.353807260529262,12.553368911755536
3070,42429521,42433715,2ndPlace,13.396619151162788,15.263788226744184
3071,42433712,42433715,BatteryPlace,9.590328209393347,13.586420418760467
3072,42433718,42427411,BatteryPlace,15.337329141280351,17.4863947237232
3073,42427412,42427411,WestThamesStreet,9.988649043760127,10.593558573673864
3074,42445612,42440810,BaxterStreet,23.861255286384978,28.244217128027678
3075,42435451,42440810,CanalStreet,20.30787408956944,28.39038606937924
3076,42427316,42440810,CanalStreet,16.499749260643295,24.333166513541308
3077,42427311,42440810,WalkerStreet,20.785520617828773,28.76258499420123
3078,42445612,42427319,HesterStreet,20.102549225449508,25.263743008705116
3079,42427316,42427319,CentreStreet,33.629058993991606,39.00943076923074
3080,42445748,42436551,1stAvenue,9.151818731429463,11.405885853888831
3081,42428045,42436551,East89thStreet,49.643090254934215,52.8930115414365
3082,42445748,42428043,East88thStreet,47.093813106348065,49.9920034400836
3083,42428039,42428043,YorkAvenue,11.362410210229735,13.205925984181471
3084,42428045,42428043,YorkAvenue,9.463466781470293,11.391120862075498
3085,42445426,42445430,East114thStreet,22.108399329944557,23.110490617834387
3086,42435403,42445430,PleasantAvenue,13.852068869565212,17.8799368041237
3087,42445426,42435400,1stAvenue,7.879295548792921,10.211194996361721
3088,42435403,42435400,East115thStreet,23.878376112412177,30.54521689587428
3089,42443965,42444964,9thAvenue,7.675100022345336,9.707874736305078
3090,42445711,42436316,WestStreet,16.277538156287832,23.773409368289403
3091,42445411,42445413,East30thStreet,47.71781448696618,49.208637335899475
3092,42436753,42445413,3rdAvenue,12.66507273566902,16.784441016742882
3093,42445411,42436751,LexingtonAvenue,14.64497491672844,12.79516401592828
3094,42436753,42436751,East29thStreet,59.80162189800928,60.02448771973014
3095,42445390,42445387,East34thStreet,39.85699220852239,46.27977196754031
3096,42442914,42445387,East34thStreet,20.222676422557406,24.248284357354102
3097,42445390,42434974,1stAvenue,8.867318321120738,12.298376661435993
3098,42445387,42442914,East34thStreet,19.912932418879066,21.113996707197074
3099,42445382,42442914,East34thStreet,43.84080503699785,53.138017366310166
3100,42434965,42442914,2ndAvenue,12.256674747861952,14.001981014388525
3101,42445387,42434969,TunnelEntranceStreet,16.431194699509927,20.922436502915712
3102,42434974,42434969,East35thStreet,38.992619186635146,49.402787534404276
3103,42445879,42429876,MadisonAvenue,18.31208586260925,23.60944018882522
3104,42429874,42429876,East26thStreet,46.54048490263616,51.37497718560356
3105,42445378,42445382,East34thStreet,22.86048361549995,30.189739114102718
3106,42442914,42445382,East34thStreet,41.888658473526476,51.78029871434594
3107,42434962,42445382,TunnelExitStreet,15.006225132543097,15.592602849889836
3108,42445378,42445374,East34thStreet,44.52123903960589,55.7771201659709
3109,42445369,42445374,East34thStreet,45.85249969384537,50.652964191144235
3110,42434954,42445374,LexingtonAvenue,12.73936353878273,14.798753553788485
3111,42445378,42434959,3rdAvenue,13.065595234493179,18.406062347571872
3112,42434962,42434959,East35thStreet,22.607000173401453,27.252784376736606
3113,42445578,42438935,West227thStreet,15.498059000000005,30.62877214285714
3114,42445578,42427939,AdrianAvenue,32.72898272727274,37.20724461538461
3115,42431729,42427939,TerraceViewAvenue,25.18154285714286,36.5261
3116,42445369,42434951,ParkAvenue,17.253185781040298,25.547327429647964
3117,42434954,42434951,East35thStreet,44.33897882401885,63.61788191229811
3118,42445037,42455643,West57thStreet,71.18629798415489,74.21942262609295
3119,42430745,42455643,West57thStreet,57.62512034883718,55.26319100435489
3120,42431563,42455643,10thAvenue,10.368928542933089,12.661433946699633
3121,42445037,42431560,9thAvenue,15.859263767512774,22.832433911382395
3122,42431563,42431560,West56thStreet,46.17305069959785,53.41228257397842
3123,42445365,42437644,East34thStreet,47.828086308709324,72.67002831369281
3124,42434946,42437644,5thAvenue,16.808923005063605,18.019615091563317
3125,42430304,42437644,West34thStreet,81.62325911617319,116.48860054907348
3126,42445365,42434948,MadisonAvenue,14.500137082292644,21.869003050369038
3127,42434951,42434948,East35thStreet,46.25142979474404,69.34792274302754
3128,42445356,42445357,ReadeStreet,38.33235800297659,44.943271576705826
3129,42430557,42445357,WestBroadway,13.058146009757163,19.06787569023273
3130,42445356,42430550,ChurchStreet,12.267760569299107,16.1348655053562
3131,42430557,42430550,DuaneStreet,28.727677075846728,33.19507813682905
3132,42445196,42450083,3rdAvenue,10.298875351106652,13.818850392683165
3133,42443105,42450083,East123rdStreet,23.547127344827587,28.991493027295288
3134,42445196,42443099,East122ndStreet,29.0315184955752,39.370066473740636
3135,42443096,42443099,2ndAvenue,8.904820479900287,10.355517677236922
3136,42445291,42431635,RiverTerrace,17.074910983957214,15.080728424110381
3137,42431630,42431635,ChambersStreet,14.965507264432919,17.727252211466876
3138,42445534,42439236,LafayetteStreet,57.8045020429382,53.905277333351314
3139,42428473,42439236,East8thStreet,45.77096677150609,46.84852240548216
3140,42428471,42439236,AstorPlace,29.01228879087708,29.538481742859954
3141,42445534,42437626,East4thStreet,50.03728256685688,49.00450199691146
3142,42445025,42454042,West51stStreet,73.85266830346472,75.96139270429528
3143,42440170,42454042,10thAvenue,9.9130138643315,11.93090053494902
3144,42445025,42440163,9thAvenue,16.226699437439922,30.245941274563176
3145,42440170,42440163,West50thStreet,65.61186486835314,80.15531513002357
3146,42445011,42454433,West43rdStreet,77.88550828890502,81.08653187062215
3147,42437371,42454433,10thAvenue,12.942519981091738,18.486462736059718
3148,42445011,42437368,9thAvenue,15.760247976457212,30.630316408966
3149,42435663,42437368,West42ndStreet,76.37059312410504,117.6653725462305
3150,42434439,42437368,West42ndStreet,57.98727232633507,86.37885646623165
3151,42445489,42439580,LafayetteStreet,35.556140788621285,44.233960889044475
3152,42427319,42439580,HowardStreet,30.95299013562385,33.93233158532981
3153,42445489,42427324,GrandStreet,19.59886958937754,26.500229227332426
3154,42427319,42427324,CentreStreet,36.65132765462146,45.643654353032524
3155,42445219,42447336,ManhattanAvenue,12.562458694444448,14.578776192893407
3156,42440134,42447336,West122ndStreet,21.02381668443498,28.603566809116806
3157,42438920,42447336,ManhattanAvenue,12.76341419174248,13.991432400448696
3158,42445219,42440131,West121stStreet,22.61792268987341,26.57761824574391
3159,42440134,42440131,MorningsideAvenue,13.165539999999993,13.358653795348838
3160,42429747,42440131,MorningsideAvenue,12.047538749248352,15.641260272676686
3161,42445520,42437618,BondStreet,53.865383220133715,51.7250382338902
3162,42445520,42431165,LafayetteStreet,18.69164949614161,19.067722490349386
3163,42445649,42433604,5thAvenue,15.3635964169502,17.712950054183274
3164,42430317,42433604,West38thStreet,74.88297097535387,90.99960168681787
3165,42445649,42430320,West39thStreet,87.4586245691307,144.65335864546898
3166,42430317,42430320,6thAvenue,13.80760602063144,22.90935017212289
3167,42432980,42432983,SaintNicholasAvenue,11.111099435665924,17.570713290203322
3168,42438024,42432983,West154thStreet,22.83981670103093,30.564533411214953
3169,42432985,42432983,SaintNicholasAvenue,10.47738616306954,12.692517671232874
3170,42432975,42448674,West151stStreet,11.925686292134836,10.413141190476193
3171,42443582,42448674,ConventAvenue,15.057503,13.70285
3172,42432975,42432974,SaintNicholasAvenue,8.122345632653058,11.054783460559797
3173,42443582,42432974,West150thStreet,19.46831446337308,24.22077628037384
3174,42439620,42432974,West150thStreet,13.452614594594591,16.31892105263157
3175,42432970,42432974,SaintNicholasPlace,20.500415354938266,27.28618151565073
3176,42431643,42432974,SaintNicholasAvenue,14.84664011363636,17.021017107843143
3177,42427883,42432974,SaintNicholasPlace,10.963089416666662,13.87462196969697
3178,42445189,42447206,LexingtonAvenue,9.842655705081567,13.436255113505194
3179,42429868,42447206,East121stStreet,6.776542205169632,7.566844063301966
3180,42445236,42445232,East71stStreet,35.156609268255075,48.5547594857595
3181,42436484,42445232,LexingtonAvenue,11.328644294969456,18.40295676092344
3182,42445236,42436486,3rdAvenue,11.051669470159009,12.951329427144158
3183,42436484,42436486,East72ndStreet,33.879752188293374,38.71454584136825
3184,42436489,42436486,East72ndStreet,54.580249817223006,60.7004643239469
3185,42445232,42445230,East71stStreet,31.28753074059559,37.785529907324
3186,42436481,42445230,ParkAvenue,13.297884320412285,21.476019006026448
3187,42445232,42429688,LexingtonAvenue,10.062315453998355,17.315354187714902
3188,42444916,42429663,9thAvenue,15.188407161439464,13.07849279619602
3189,42429664,42429663,West18thStreet,63.76055244712371,58.50087444377635
3190,42445783,42427305,HoganPlace,24.371815542669857,32.1427783151326
3191,42427300,42427305,CentreStreet,17.385263783391185,25.958329141131237
3192,42444928,42453630,West25thStreet,48.41813916018855,70.97008274181684
3193,42427483,42453630,10thAvenue,9.983846857856856,15.467715864289506
3194,42444928,42427477,9thAvenue,12.460145513101326,12.401970529561705
3195,42427483,42427477,West24thStreet,56.307040946318104,63.01175545600897
3196,42444897,42454325,West14thStreet,52.163444874440295,53.84555562037036
3197,42429412,42454325,WashingtonStreet,60.83937819434714,43.70376380427525
3198,42444897,42435596,West14thStreet,89.8552684975435,81.94119415224273
3199,42439823,42435596,West14thStreet,62.09919768453922,59.959355609359655
3200,42432214,42435596,8thAvenue,10.607201092263011,10.283009912191911
3201,42444897,42429394,HudsonStreet,27.686611819333724,23.922004773329157
3202,42429390,42429394,West13thStreet,45.666264251949904,41.51381799920183
3203,42445247,42443009,East71stStreet,51.49399914006362,65.80994761752565
3204,42436489,42443009,2ndAvenue,12.561488733718562,20.794879889922285
3205,42445174,42445171,WattsStreet,17.50139005256648,20.669494513350564
3206,42436021,42445171,WashingtonStreet,15.682927186574526,15.704285981349914
3207,42444820,42456076,1stAvenue,9.270042148240817,11.216762236212965
3208,42428049,42456076,East91stStreet,41.227209886488474,53.972517858156024
3209,42444820,42428047,East90thStreet,42.92551167148964,51.871694376919955
3210,42428049,42428047,YorkAvenue,9.462204767626648,11.877844586138124
3211,42428045,42428047,YorkAvenue,13.771611519693275,12.899511543419866
3212,42435261,42435264,CentralParkWest,12.640109334019993,14.788574381491733
3213,42424427,42435264,CentralParkWest,12.629913222622795,19.30620552486189
3214,42445627,42429641,HesterStreet,20.143497629925754,17.99382372362869
3215,42429637,42429641,EldridgeStreet,18.72013124389208,20.686412946495853
3216,42437773,42437770,MadisonStreet,17.892797685864853,18.93325821773328
3217,42437768,42437770,MadisonStreet,15.078303400820086,15.656986738351259
3218,42437503,42437770,ClintonStreet,35.59997480274155,37.0713851668423
3219,42437773,42437505,MontgomeryStreet,25.413326608348246,21.09647858026896
3220,42438529,42437505,MontgomeryStreet,9.360162287472033,10.179315166820276
3221,42437773,42432000,MadisonStreet,12.158993963893248,19.39228595238096
3222,42436974,42432000,GouverneurStreet,30.110459689922482,38.63373650865313
3223,42427744,42432000,MadisonStreet,24.634612879181304,30.73621839986468
3224,42444832,42434226,AvenueB,20.068814814605158,18.83164292903525
3225,42434233,42434226,East7thStreet,53.40425335866888,41.91937330261136
3226,42445357,42436037,ReadeStreet,37.881057675143964,46.8513623734336
3227,42430519,42436037,GreenwichStreet,14.471455799396686,14.953251262567226
3228,42445357,42431614,WestBroadway,12.77614844189513,16.707901379778463
3229,42431611,42431614,ChambersStreet,32.29644549758455,43.77170867230955
3230,42444837,42451712,FDRDrive,47.688736341463404,46.571945267585924
3231,42445171,42440873,WashingtonStreet,15.616303524229073,20.829663897895824
3232,42440869,42440873,CanalStreet,23.033342707493965,25.592639805769576
3233,42445171,42436073,WattsStreet,15.925460745454549,16.35034155805244
3234,42445027,42445025,9thAvenue,14.74006873020787,26.842816223465537
3235,42435687,42445025,West51stStreet,79.4381135665805,95.69729486126849
3236,42445027,42435702,West52ndStreet,67.47691398842856,75.67883033819076
3237,42435687,42435702,8thAvenue,14.464086775914586,16.491949918665266
3238,42445001,42444991,9thAvenue,14.398907537882815,26.234499002420534
3239,42445001,42434434,West41stStreet,39.91722060947928,43.29445735763432
3240,42434243,42432659,West145thStreet,17.299861906421107,20.933639593495933
3241,42440388,42432659,MalcolmXBoulevard,17.465687492625364,23.629922004429694
3242,42434246,42432659,West145thStreet,38.26539841269841,50.80449751037344
3243,42432665,42432659,EsplanadeGardensPlaza,12.826497612612613,16.427695045045038
3244,42445466,42430535,LafayetteStreet,31.09124967149443,43.34325965065502
3245,42427278,42430535,CentreStreet,12.334048285916245,15.92042421252685
3246,42445466,42427300,WorthStreet,31.104414026465033,38.803183359850244
3247,42430535,42427300,CentreStreet,28.22305992375723,43.19082147338282
3248,42425955,42427300,WorthStreet,43.496712906910325,53.04923151698114
3249,42444991,42444985,9thAvenue,12.505066976103636,19.563894719138514
3250,42435654,42444985,West39thStreet,75.99105177065773,113.86771813287096
3251,42444991,42435657,West40thStreet,72.85393599211564,107.79740949598236
3252,42435654,42435657,8thAvenue,19.509330525813038,30.760263466568226
3253,42445310,42434821,10thAvenue,10.609456754904702,16.785566685843403
3254,42444817,42450035,3rdAvenue,9.559559107499966,11.757456702958793
3255,42444817,42443044,East90thStreet,50.055427687388345,56.52173341261632
3256,42443046,42443044,2ndAvenue,11.260522610168474,12.249077452074944
3257,42444964,42444960,9thAvenue,12.19879441460886,14.608368285587478
3258,42435645,42444960,West35thStreet,62.00293287270068,89.62025160398225
3259,42444964,42435646,West36thStreet,70.33009503050532,98.01241564045374
3260,42435645,42435646,8thAvenue,18.62729302486469,31.25891078884133
3261,42444933,42444928,9thAvenue,11.970812782699586,12.287496936174284
3262,42435629,42444928,West25thStreet,53.79187389733839,61.10451809729729
3263,42444933,42435632,West26thStreet,43.63152567530881,55.11195740218278
3264,42435629,42435632,8thAvenue,11.905311301554878,20.990905924686675
3265,42444909,42444906,9thAvenue,21.050012038169445,16.929075634173447
3266,42435598,42444906,West15thStreet,75.99852941347127,66.13673746809992
3267,42444909,42435599,West16thStreet,74.26461432087714,79.05657561201316
3268,42435598,42435599,8thAvenue,17.119684344399836,17.151935980521287
3269,42444880,42429703,9thAvenue,19.823896774193546,28.779125000000004
3270,42444884,42429703,9thAvenue,11.9386,11.221940000000002
3271,42444853,42444854,West144thStreet,20.058070686015828,23.60576530612245
3272,42443658,42444854,ConventAvenue,14.309188177570094,16.460388255687974
3273,42434259,42444854,ConventAvenue,17.27451373382626,18.7606563488372
3274,42444827,42434205,1stAvenue,12.205010059562236,10.101840879659491
3275,42434215,42434205,East7thStreet,62.67322135551712,56.38591143101129
3276,42444854,42443658,ConventAvenue,13.138945020920493,16.179996765498647
3277,42438291,42443658,ConventAvenue,17.3453882786158,17.9525784296875
3278,42444814,42444817,East90thStreet,36.689346776594526,49.297781113548524
3279,42436546,42444817,3rdAvenue,9.49866927402256,11.52171809163219
3280,42444814,42436544,LexingtonAvenue,10.093340593929053,11.861942781853704
3281,42436546,42436544,East89thStreet,39.667828630823,46.73891655792491
3282,42444809,42444810,East90thStreet,21.824215579803166,32.61883258667285
3283,42436539,42444810,MadisonAvenue,8.372291653357838,10.403748321020064
3284,42444809,42436537,5thAvenue,7.79719425860049,11.175285043848795
3285,42436539,42436537,East89thStreet,27.74912179260893,34.97659107852193
3286,42444809,42434011,EastDrive,68.23696528507489,76.09807869977794
3287,42437465,42448430,MarketStreet,19.271745918735405,20.541177229616142
3288,42433302,42448430,MonroeStreet,29.263971490066208,24.76174741784038
3289,42445225,42429680,5thAvenue,9.508480344512193,17.44004622013307
3290,42444452,42444453,East125thStreet,30.7196334270048,44.6858994476107
3291,42438704,42444453,MadisonAvenue,10.68531522574055,16.736900532977355
3292,42444452,42438702,5thAvenue,12.0893645658984,14.1916260190837
3293,42445018,42435675,West46thStreet,80.3451802028461,112.16982533175556
3294,42432700,42435675,8thAvenue,17.02357230056575,20.625319324327954
3295,42445018,42432703,9thAvenue,17.358915286767694,36.53732906930099
3296,42432700,42432703,West45thStreet,82.64757943748431,111.89255319481674
3297,42444581,42444564,HarlemRiverDrive,42.67114557823128,53.62918571428572
3298,42444255,42452620,BeekmanStreet,9.433303912373402,13.201678000000005
3299,42433237,42452620,FrontStreet,9.027190618139805,11.158918452490775
3300,42444255,42440356,SouthStreet,13.60660912590395,19.39177334904257
3301,42444242,42440356,SouthStreet,7.068208318834111,10.073515314958508
3302,42440353,42440356,JohnStreet,10.541666164667683,14.08580474354786
3303,42444479,42444480,BridgeStreet,25.717927337545113,36.513502434094896
3304,42428524,42444480,WhitehallStreet,10.25615265766763,13.838328927266696
3305,42444479,42444353,StateStreet,7.640647233474159,12.667977355966148
3306,42444360,42444353,PearlStreet,20.139314102838348,35.52957202515207
3307,42444479,42428345,StateStreet,17.873662443812,31.51070862506865
3308,42428365,42428345,Broadway,29.645468402937126,45.368440040227156
3309,42444480,42431889,BridgeStreet,28.15521386773548,36.98357505059799
3310,42444385,42431889,PearlStreet,12.54043121361618,15.090017404123266
3311,42433834,42431889,BroadStreet,11.56309878471664,19.382496463414647
3312,42431877,42431889,BroadStreet,18.070267647058824,17.971928048780487
3313,42444458,42444457,East125thStreet,15.62423168049405,18.020309474365988
3314,42434129,42444457,LexingtonAvenue,14.663847354675651,22.17874641695205
3315,42444458,42434131,3rdAvenue,13.360101582700706,21.425282165605086
3316,42423189,42434131,East126thStreet,22.23481343337334,19.10656691759604
3317,42444500,42443052,East94thStreet,45.89707272162388,52.1033760683094
3318,42434175,42443052,2ndAvenue,8.347397635516998,8.42344840612838
3319,42444500,42434172,3rdAvenue,8.95146078170048,10.209742767068773
3320,42434175,42434172,East95thStreet,37.61662878041023,49.64265824566201
3321,42444884,42429255,West219thStreet,7.69522,47.7985
3322,42444884,42427504,9thAvenue,13.496423962264151,16.991049333333333
3323,42441000,42441007,RiversideDrive,8.05515052631579,12.963485470514428
3324,42441009,42441007,RiversideDrive,7.618986520100499,10.624306383495142
3325,42432802,42441007,PaysonAvenue,23.66841843137255,29.089088620689672
3326,42441000,42432805,HenshawStreet,14.866617606177607,18.900033777777768
3327,42431666,42432805,DyckmanStreet,15.18690032258065,10.651863333333337
3328,42432802,42432805,DyckmanStreet,8.810877704918031,11.01538347826087
3329,42444060,42454368,AudubonAvenue,9.36765287356322,16.828259808917206
3330,42442741,42454368,West182ndStreet,10.702560427018636,15.240873835182253
3331,42438189,42454368,AudubonAvenue,13.84071875,16.82949608695652
3332,42444060,42433066,West181stStreet,10.293555459057076,15.584675225080387
3333,42444069,42433066,West181stStreet,17.13499175054705,21.49484035087719
3334,42433068,42433066,SaintNicholasAvenue,11.304606521739132,14.311170967741935
3335,42428086,42433066,SaintNicholasAvenue,7.5527552702702705,16.145946151515147
3336,42444060,42428082,AudubonAvenue,17.360214634146338,21.221151612903224
3337,42428086,42428082,West180thStreet,19.539992118644058,21.925734484536086
3338,42444116,42452556,MarketSlip,11.322496402238546,11.657947410133035
3339,42433324,42452556,WaterStreet,22.295390918079097,23.858351034261943
3340,42444116,42444129,SouthStreet,15.346676609500706,18.96745107819392
3341,42443928,42444129,SouthStreet,13.695513763293159,17.06420419208101
3342,42437481,42444129,PikeSlip,27.574719960305373,27.186869576028048
3343,42444116,42437135,SouthStreet,12.813047566803926,16.68782344099505
3344,42433324,42437135,CatherineSlip,11.050687458146184,11.40239497414289
3345,42444353,42444479,StateStreet,8.956999574823536,16.693898577586214
3346,42428345,42444479,StateStreet,17.51048828758776,26.64466486440098
3347,42443570,42430680,West44thStreet,34.750092321174776,66.29539823353979
3348,42430685,42430680,11thAvenue,12.435418898666107,19.470782447555933
3349,42443549,42453555,12thAvenue,18.919689977239152,33.94268915501201
3350,42443549,42430694,West48thStreet,29.3491741363926,41.84706473011949
3351,42430698,42430694,11thAvenue,11.251565277228877,17.822221508236733
3352,42430691,42430694,11thAvenue,20.89354583065116,21.153568602510475
3353,42444069,42449639,WadsworthAvenue,6.398994232258071,14.797821057692316
3354,42438199,42449639,WadsworthAvenue,14.400307272727272,15.430696388888883
3355,42433068,42449639,West182ndStreet,8.70264518833536,13.602704990176814
3356,42444069,42429029,West181stStreet,5.785179332393044,9.315150446927369
3357,42444081,42429029,West181stStreet,12.892431714285715,17.053157590673564
3358,42429032,42429029,Broadway,8.605218770301626,10.337556027397259
3359,42428094,42429029,Broadway,6.926195823237883,10.783962292787946
3360,42444069,42428090,WadsworthAvenue,17.663294756097567,18.759854777777786
3361,42428094,42428090,West180thStreet,13.270138132530114,20.281478357487927
3362,42444242,42444230,SouthStreet,12.048670574950302,17.425327059530318
3363,42444223,42444230,SouthStreet,8.751152939904893,11.879192848391273
3364,42443950,42452973,5thAvenue,15.081618275507038,17.580407414000142
3365,42430311,42452973,West36thStreet,80.37393397512825,101.36891458742168
3366,42443950,42430314,West37thStreet,87.00956744889058,134.01347608234647
3367,42430311,42430314,6thAvenue,12.875448086422635,22.427072187436885
3368,42444230,42444242,SouthStreet,18.05361883211229,25.43403181513104
3369,42440356,42444242,SouthStreet,5.643618456849843,7.77197232781229
3370,42427254,42444242,MaidenLane,9.46803775250157,13.478565116534734
3371,42444028,42449139,MacombsPlace,15.147093328929994,23.794386182572612
3372,42444028,42449127,MacombsPlace,10.690275466666666,12.537891204819275
3373,42435881,42449127,MacombsPlace,11.467945346062047,17.741923875432533
3374,42444506,42434179,1stAvenue,9.222015453079583,12.459860126860029
3375,42444271,42440271,PearlStreet,14.423691644716687,20.116225276247693
3376,42440270,42440271,FultonStreet,14.747076069930058,19.452091613526584
3377,42444271,42440270,PearlStreet,9.824616516807156,11.00204716247583
3378,42440350,42440270,WaterStreet,13.624131760680655,18.161504600743026
3379,42440271,42440270,FultonStreet,11.57402001787081,15.162163606520775
3380,42444271,42433229,PearlStreet,15.691675910111137,19.555555223592233
3381,42433205,42433229,PeckSlip,14.676096170431215,13.874610231481485
3382,42444049,42446977,LexingtonAvenue,15.493245126085634,19.933909028043953
3383,42444129,42443928,SouthStreet,15.39479011727443,17.80657315824496
3384,42440449,42443928,SouthStreet,22.127182134553994,27.688921072884067
3385,42444051,42444049,East45thStreet,50.47335204679496,66.10775458015262
3386,42434085,42444049,LexingtonAvenue,15.74011193172722,21.117632750658704
3387,42444051,42434087,3rdAvenue,13.794201236570439,18.768557730670665
3388,42434085,42434087,East46thStreet,45.43298664188448,49.2071135134173
3389,42444055,42442947,East45thStreet,38.770816137299754,54.60756872897964
3390,42434090,42442947,2ndAvenue,12.520013439151715,17.014373312704905
3391,42444055,42434092,1stAvenue,10.157680516456699,15.214671054624116
3392,42434090,42434092,East46thStreet,52.53951130761729,62.776801402660176
3393,42443821,42450080,3rdAvenue,9.724666485628632,12.891002456441502
3394,42443096,42450080,East121stStreet,23.21248574514038,22.039356711111108
3395,42443821,42443092,East120thStreet,27.994287230873372,27.861651559868182
3396,42435234,42443092,2ndAvenue,11.196311242337561,13.975363825218482
3397,42444564,42425752,HarlemRiverDrive,58.89349166666666,67.85794074074073
3398,42443928,42440449,SouthStreet,21.88590026972448,26.795538191795764
3399,42438531,42440449,SouthStreet,10.907120493732736,13.413146395759716
3400,42443928,42437490,RutgersSlip,28.329984223736094,25.51888156676559
3401,42437503,42437490,CherryStreet,23.40207787037037,24.838747865899812
3402,42439802,42439673,West155thStreet,7.904963445711452,10.887088584070797
3403,42439711,42439673,EdgecombeAvenue,45.821609230769226,48.35853717948719
3404,42432985,42439673,West155thStreet,19.897943519388953,23.76731920792079
3405,42427891,42439673,SaintNicholasPlace,28.34439360201509,34.784792026143776
3406,42426665,42439673,HarlemRiverDriveway,69.43462790697673,87.3573142857143
3407,42439802,42439620,EdgecombeAvenue,63.21389137931035,67.9404475409836
3408,42432974,42439620,West150thStreet,16.45997021231422,19.466713389261734
3409,42433044,42429466,SaintNicholasAvenue,6.673209180107532,12.553698004158006
3410,42433046,42429466,SaintNicholasAvenue,11.802383055555556,15.426701111111116
3411,42429457,42429466,West173rdStreet,18.14608129213484,29.19450583333333
3412,42443811,42445924,East47thStreet,24.98210751233573,40.07828545300558
3413,42434074,42445924,MadisonAvenue,14.475015126978047,19.511216410338143
3414,42443811,42434077,VanderbiltAvenue,22.503416986034637,31.98834768917868
3415,42443810,42434077,VanderbiltAvenue,22.527463736618387,30.244694702270838
3416,42434074,42434077,East46thStreet,28.446994259900595,39.434032094743856
3417,42443804,42445916,East42ndStreet,28.452467663917943,55.422996136357156
3418,42437358,42445916,East42ndStreet,45.359816990615855,52.83628158796622
3419,42432438,42445916,MadisonAvenue,13.21949395757829,19.50392493211443
3420,42443804,42443806,VanderbiltAvenue,20.790363835034324,40.27032473224408
3421,42443807,42443806,VanderbiltAvenue,18.263526618815803,27.57877417834328
3422,42443824,42443826,East120thStreet,29.097128612385305,30.788512805989555
3423,42435240,42443826,PleasantAvenue,12.457538055555556,15.560687499999998
3424,42432324,42443826,East120thStreet,61.957409999999996,21.994020000000003
3425,42443824,42438084,1stAvenue,23.52184971707819,33.905083967336196
3426,42432324,42438084,PaladinoAvenue,51.84648392857143,90.03577636363632
3427,42444206,42431902,SouthStreet,7.8444473655357525,11.098044983317445
3428,42433834,42431902,BroadStreet,11.504217286428853,14.879366791000976
3429,42443819,42443821,East120thStreet,29.64756070160609,35.06424449560489
3430,42435231,42443821,3rdAvenue,9.76827688877461,12.595433149297984
3431,42443819,42435230,LexingtonAvenue,9.759336672985782,12.976752125891904
3432,42435231,42435230,East119thStreet,19.500177444051836,21.261520391600424
3433,42443492,42453591,FairviewAvenue,24.4908,36.859965
3434,42429104,42453591,FairviewAvenue,34.31346178743961,29.76793795321637
3435,42443492,42453586,FairviewAvenue,31.83246821428571,36.3158802
3436,42443492,42443488,WadsworthTerrace,51.64855813953489,60.1142320689655
3437,42443486,42443488,WadsworthTerrace,23.96651375,36.898436363636364
3438,42443799,42442851,East6thStreet,46.80357015810977,40.25549145377652
3439,42434201,42442851,2ndAvenue,16.219318129834058,14.781722188418057
3440,42443582,42434338,ConventAvenue,12.654538497109824,18.84540245283019
3441,42439210,42434338,ConventAvenue,16.615988346883455,17.244100393996245
3442,42431643,42434338,West149thStreet,19.199459486166013,21.437774784689005
3443,42444043,42434074,MadisonAvenue,13.287580560268182,18.704436827588626
3444,42434072,42434074,East46thStreet,48.62231883103085,67.19296113295654
3445,42444043,42432693,East45thStreet,47.127242633833596,76.24540795560443
3446,42434072,42432693,5thAvenue,16.632693555075935,24.792060463179613
3447,42443658,42442618,West143rdStreet,20.839659162011174,26.605643995037212
3448,42442621,42442618,HamiltonPlace,15.088652289029538,15.1222079009901
3449,42438292,42442618,AmsterdamAvenue,9.53535197786673,13.588659153666132
3450,42443522,42443520,EllwoodStreet,21.00418712643679,21.494520980392156
3451,42421785,42443520,BogardusPlace,21.230101807228912,29.773678333333322
3452,42443522,42421783,NagleAvenue,30.000512344827577,44.789462166666695
3453,42429174,42421783,Broadway,14.216837105943144,15.347479300911846
3454,42429109,42421783,Broadway,5.117828320772493,5.974796924731183
3455,42443677,42443676,West21stStreet,82.08456632083,133.6741777027027
3456,42443674,42443676,West21stStreet,43.898022233354176,59.10194311352632
3457,42427390,42443676,10thAvenue,10.483982911761974,13.293566170396302
3458,42443674,42427386,9thAvenue,13.1792746229811,12.036236453447952
3459,42427390,42427386,West20thStreet,58.40035305348502,52.52415202893993
3460,42444081,42430951,West181stStreet,5.976246066160034,10.70238558139535
3461,42427190,42430951,West181stStreet,13.523752183486236,19.59882524444445
3462,42443975,42433644,10thAvenue,12.331818237318855,19.112614576133907
3463,42443561,42445011,9thAvenue,15.889540333231366,32.27754453777011
3464,42435668,42445011,West43rdStreet,79.5421207078781,114.94098812346223
3465,42443561,42435671,West44thStreet,89.76502931075895,134.13575971236824
3466,42435668,42435671,8thAvenue,19.30695315999173,25.93938478260871
3467,42444097,42428124,West181stStreet,12.01373616461366,19.71259943113771
3468,42443615,42442960,East56thStreet,56.610627402879885,64.03796986165545
3469,42432861,42442960,2ndAvenue,15.5312032743035,21.017395916136746
3470,42443615,42432856,3rdAvenue,13.215966468126155,22.404702829333182
3471,42432847,42432856,East57thStreet,40.96408498683222,61.56325043287886
3472,42432861,42432856,East57thStreet,71.96149878607699,88.07625895212286
3473,42443532,42445020,9thAvenue,18.095862864497963,35.811183908891834
3474,42435677,42445020,West47thStreet,87.41660629921259,117.54969516368469
3475,42443532,42435680,West48thStreet,73.17375923893161,88.36848410059989
3476,42435677,42435680,8thAvenue,16.383344007028427,18.70089848940032
3477,42443563,42443561,West44thStreet,75.8018771947765,127.8618335016228
3478,42432703,42443561,9thAvenue,17.194010942331197,37.29714709404959
3479,42443563,42432706,10thAvenue,11.162807133348242,15.742896693618436
3480,42432703,42432706,West45thStreet,75.62202877000355,77.46484413544012
3481,42443826,42435240,PleasantAvenue,10.982036603773585,11.590454968814967
3482,42439506,42435240,PleasantAvenue,12.778988325791865,13.929836820603914
3483,42443826,42432324,East120thStreet,19.114094210526318,29.280112739726032
3484,42438084,42432324,PaladinoAvenue,120.79723999999996,140.87123
3485,42443413,42432744,ColumbusAvenue,9.504001746235774,10.661574327896737
3486,42432737,42432744,West107thStreet,24.82997348868176,26.3391118633218
3487,42443534,42443532,West48thStreet,69.52392022415097,92.2792147755174
3488,42432594,42443532,9thAvenue,18.062087768799287,35.67877151733128
3489,42443534,42432598,10thAvenue,9.695992105527552,12.302618093112835
3490,42432594,42432598,West49thStreet,72.37858734471074,75.42569532981534
3491,42443406,42443403,ColumbusAvenue,35.879985486425674,42.48269413261456
3492,42442552,42443403,West100thStreet,60.26502825494829,66.46765827108689
3493,42443403,42443388,ColumbusAvenue,27.835508850239684,32.90822065479685
3494,42425232,42443388,West97thStreet,42.549960593948605,51.79532261676479
3495,42443618,42432867,1stAvenue,10.812072230134618,17.633762634805503
3496,42432875,42432867,East57thStreet,50.85598662190088,61.59291953833474
3497,42423564,42432867,East57thStreet,49.21069940169179,51.24612685356202
3498,42443486,42443482,WadsworthTerrace,21.104164545454534,62.742658421052596
3499,42443298,42449017,East9thStreet,18.54957607853884,15.27045259965573
3500,42434140,42449017,3rdAvenue,11.725809791270434,10.601688811631753
3501,42430886,42449017,3rdAvenue,23.025637938947593,19.75065903355381
3502,42443298,42430889,StuyvesantStreet,30.58051765191025,28.454619707832325
3503,42430886,42430889,East10thStreet,40.93540582178854,42.015366690708056
3504,42433870,42434346,GrandArmyPlaza,16.923305872482292,25.635278997610577
3505,42440313,42434346,GrandArmyPlaza,17.993206240601502,24.89887216035209
3506,42430394,42434346,CentralParkSouth,54.65977680863399,80.14567351090713
3507,42443054,42456084,East96thStreet,36.62272839649105,46.11005538222742
3508,42433404,42456084,East96thStreet,6.16383741807225,8.127464147475647
3509,42443054,42434175,2ndAvenue,11.192958593190294,11.303968915997446
3510,42434179,42434175,East95thStreet,32.21287897951848,39.579182359599464
3511,42443027,42456060,East79thStreet,47.56163057161057,53.701039375896734
3512,42436922,42456060,1stAvenue,10.66713532792576,12.018776208538243
3513,42428020,42456060,East79thStreet,59.115396167518355,59.27155354290321
3514,42443027,42436921,2ndAvenue,12.686897669695867,16.33920782416543
3515,42436919,42436921,East78thStreet,44.47850534919713,55.713653643866245
3516,42443426,42443413,ColumbusAvenue,9.769386779021858,11.280110608821596
3517,42442565,42443413,West108thStreet,48.94978726809382,55.34997166127989
3518,42443426,42442567,West109thStreet,58.68068207343414,70.5877204997687
3519,42442565,42442567,AmsterdamAvenue,8.851259529452342,10.880921135519474
3520,42443081,42453714,East113thStreet,26.220620309278345,50.819111369863
3521,42443081,42453709,East113thStreet,20.049312295918373,34.87918301369858
3522,42443081,42435398,2ndAvenue,19.83803692625943,22.670268258293852
3523,42435400,42435398,East115thStreet,32.749416955063715,34.312588885448896
3524,42443388,42443381,ColumbusAvenue,10.903285374731977,13.403707226711841
3525,42442534,42443381,West96thStreet,53.21235298948336,69.35754423620698
3526,42424439,42443381,West96thStreet,37.88778669144982,45.59214014303482
3527,42443388,42442542,West97thStreet,64.59686713725492,80.02672761672257
3528,42442534,42442542,AmsterdamAvenue,9.677905529985905,11.27661751748981
3529,42443020,42454701,East76thStreet,51.604528645294714,61.459164628052655
3530,42430075,42454701,1stAvenue,9.491818864313695,10.867507803597476
3531,42443020,42430068,2ndAvenue,11.454601507280955,16.490698888796135
3532,42430075,42430068,East75thStreet,50.8234583661701,53.71013122984243
3533,42443676,42434285,10thAvenue,11.853183263220348,15.318169076846178
3534,42443381,42443373,ColumbusAvenue,10.449654880198398,11.718821505510553
3535,42435328,42443373,West95thStreet,39.218783770555994,47.505436953903434
3536,42443381,42442534,West96thStreet,49.77905478447502,66.32055900675877
3537,42442528,42442534,AmsterdamAvenue,10.423375497580519,12.133350813436765
3538,42443381,42424439,West96thStreet,53.64041909400677,66.49935599011721
3539,42435328,42424439,CentralParkWest,11.327394179089135,12.005533070213847
3540,42425232,42424439,CentralParkWest,12.662832877483444,16.900343010985196
3541,42443671,42434268,5thAvenue,26.32307440104673,20.478739667331084
3542,42437881,42434268,5thAvenue,12.708499067548892,13.138122433070867
3543,42430269,42434268,West22ndStreet,71.51934932910976,72.07163173862311
3544,42443671,42430265,West21stStreet,79.45920031589421,84.96501661406533
3545,42427371,42430265,6thAvenue,13.55216207422106,17.091536774540952
3546,42442977,42455675,East65thStreet,45.50051792472022,62.30457906269024
3547,42431661,42455675,1stAvenue,9.14482919617652,12.990161545295106
3548,42442977,42431659,2ndAvenue,14.833140888676336,25.70761360106332
3549,42431656,42431659,East64thStreet,62.85299708090079,74.40235519053881
3550,42443366,42443363,ColumbusAvenue,9.192613036948456,10.579936731390534
3551,42442502,42443363,West92ndStreet,49.079050368291824,56.51613001712814
3552,42443366,42442514,West93rdStreet,51.24130090764693,56.39357169502616
3553,42442502,42442514,AmsterdamAvenue,8.935895866819225,10.294376667604887
3554,42442957,42455963,East54thStreet,68.06090767900733,68.14629839071853
3555,42436714,42455963,1stAvenue,10.749258232063024,17.81917769859859
3556,42442957,42436710,2ndAvenue,14.114193133806586,18.410301166070486
3557,42436714,42436710,East53rdStreet,60.2874612077353,71.84010222796479
3558,42443363,42443361,ColumbusAvenue,9.132561252991039,10.475791240269583
3559,42435316,42443361,West91stStreet,45.117323932203405,61.20113403149365
3560,42443363,42435317,West92ndStreet,39.921700440642816,53.509172545846795
3561,42435319,42435317,CentralParkWest,10.597077115348666,14.29675619633226
3562,42435316,42435317,CentralParkWest,10.259957513557596,10.549629644263488
3563,42442952,42455934,East50thStreet,56.469167199233134,57.28286637992222
3564,42442952,42438894,2ndAvenue,12.559837971707482,16.03614699597733
3565,42443268,42446086,East96thStreet,29.363191829421844,37.67841280730586
3566,42434166,42446086,MadisonAvenue,10.15840264976526,14.948215485135954
3567,42443268,42434165,5thAvenue,9.965399751020938,16.533627969432303
3568,42434166,42434165,East95thStreet,22.707304032299422,32.200143596457416
3569,42443666,42433712,1stPlace,14.995833029827292,20.786567230889226
3570,42433715,42433712,BatteryPlace,9.771487431594306,11.871990360272632
3571,42443666,42429521,WestStreet,14.311196833380167,17.75776283085013
3572,42443353,42443349,ColumbusAvenue,10.629029671589358,12.246266248417232
3573,42424851,42443349,West85thStreet,36.945598957889274,46.19087553141014
3574,42443353,42442480,West86thStreet,45.83365995256168,55.47900689935769
3575,42442475,42442480,AmsterdamAvenue,10.34116293090639,11.383463599012188
3576,42443353,42435310,West86thStreet,50.081632201008894,58.78734411500193
3577,42434156,42435310,CentralParkWest,13.689428106077106,20.664671350456114
3578,42424851,42435310,CentralParkWest,12.670476796481614,12.806799052524473
3579,42443373,42436985,ColumbusAvenue,9.490704040058905,10.851861761954329
3580,42436990,42436985,West94thStreet,47.45781298301486,55.83113623711794
3581,42443346,42443344,ColumbusAvenue,10.793575369185774,12.914040379032313
3582,42435295,42443344,West75thStreet,43.03660582596479,49.83497040881505
3583,42443346,42435301,West76thStreet,47.14258211486579,52.16169949324329
3584,42435295,42435301,CentralParkWest,11.122704026881573,11.145451261508565
3585,42424225,42435301,CentralParkWest,11.113634245290095,14.19331219019643
3586,42443344,42443341,ColumbusAvenue,10.93928290688092,13.509551772063825
3587,42442445,42443341,West74thStreet,50.511538235610544,58.620897200307894
3588,42443344,42442451,West75thStreet,49.45780205744714,54.795556035152686
3589,42442445,42442451,AmsterdamAvenue,11.20254914445649,12.231946691879365
3590,42442937,42455929,East42ndStreet,49.757534828640935,64.36014618756333
3591,42442937,42432464,2ndAvenue,12.714699532745206,16.165456801358953
3592,42432458,42432464,East41stStreet,29.85927327593254,32.891401196677656
3593,42443361,42442492,West91stStreet,47.11839821529746,53.50914491240482
3594,42437052,42442492,AmsterdamAvenue,9.02555167307757,10.410107646601002
3595,42443361,42437050,ColumbusAvenue,9.264154118608452,10.457263090234484
3596,42437052,42437050,West90thStreet,44.264234905323335,55.83195597038436
3597,42443332,42443329,ColumbusAvenue,12.341084478255956,15.669315434539573
3598,42435266,42443329,West69thStreet,41.176949589232656,49.94941916020428
3599,42443332,42435269,West70thStreet,39.39107473571958,46.812326812915906
3600,42435272,42435269,CentralParkWest,11.685924610961466,16.65989442836042
3601,42435266,42435269,CentralParkWest,12.20923572964356,12.795429827564552
3602,42443105,42422086,2ndAvenue,10.002251332619752,10.97268574709678
3603,42438774,42422086,East124thStreet,27.072496062229032,27.970646165308963
3604,42438084,42422086,East124thStreet,18.36359438111205,19.994912861057824
3605,42443349,42442475,West85thStreet,42.6170956736519,48.81529773864321
3606,42421806,42442475,AmsterdamAvenue,9.585468747401169,10.183931301671263
3607,42443349,42421803,ColumbusAvenue,9.704552530177445,11.114985021127868
3608,42421806,42421803,West84thStreet,54.15228767929007,60.15268524919265
3609,42443347,42442463,West79thStreet,64.49186333555032,71.62942644846248
3610,42428063,42442463,AmsterdamAvenue,11.589107022270012,12.530570520811052
3611,42443347,42428061,ColumbusAvenue,11.739178428614359,13.264776194464345
3612,42428063,42428061,West78thStreet,49.081591931540345,55.26391480871313
3613,42443313,42443310,ColumbusAvenue,14.80706132181906,17.240122449366474
3614,42443068,42436651,2ndAvenue,27.002011768346573,26.65545260320135
3615,42443088,42439497,2ndAvenue,10.513310573199076,12.457127341631455
3616,42439490,42439497,East118thStreet,37.61330712131142,56.54025273962262
3617,42443077,42450066,East111thStreet,23.112392454515373,27.457534034068914
3618,42434385,42450066,3rdAvenue,9.061166085974847,10.68899783765618
3619,42443072,42450061,East109thStreet,21.118923150847944,21.57426983923886
3620,42436647,42450061,3rdAvenue,8.577062624908306,10.175926225308991
3621,42443072,42434386,2ndAvenue,9.75160078219316,10.507385311668562
3622,42434385,42434386,East110thStreet,44.867560952380934,49.60894529592285
3623,42443066,42450055,East105thStreet,23.634703754337252,28.443759135079265
3624,42436624,42450055,3rdAvenue,8.540537772360697,9.93353161258741
3625,42442955,42452882,East52ndStreet,70.95199497239174,67.28169766583655
3626,42440469,42452882,1stAvenue,10.975738359673764,17.75496584741204
3627,42442955,42440465,2ndAvenue,13.055345182740894,16.243342156502823
3628,42440469,42440465,East51stStreet,48.32613139751195,61.7696033797217
3629,42443264,42443263,97thStreetTransverse,24.57975054548417,30.798452450753736
3630,42431293,42443263,97thStreetTransverse,98.52001256857164,116.6997911677686
3631,42443263,42431293,97thStreetTransverse,88.81832989223369,111.42924072841551
3632,42424439,42431293,97thStreetTransverse,25.35890780276536,30.11976665742279
3633,42443040,42450030,East87thStreet,50.545019737514885,61.31469011553272
3634,42429338,42450030,3rdAvenue,9.733535453265947,12.223417894297526
3635,42443040,42429340,2ndAvenue,13.013655132047722,14.095672778190382
3636,42429342,42429340,East86thStreet,42.23741363584437,55.234027108400326
3637,42429338,42429340,East86thStreet,50.808786627183586,61.176454446316136
3638,42442943,42453000,East44thStreet,45.73065779395298,54.860091489282745
3639,42443037,42450028,East85thStreet,53.91701101046937,58.72335186370674
3640,42435514,42450028,3rdAvenue,9.119632909271154,11.56933266606014
3641,42443037,42435516,2ndAvenue,11.586228652733054,12.927405253565766
3642,42435514,42435516,East84thStreet,56.17823416370108,58.74153278187971
3643,42442848,42455867,East4thStreet,71.13672329172832,54.0505058453378
3644,42437339,42455867,1stAvenue,15.71595520961472,13.5685117366465
3645,42442848,42437333,2ndAvenue,19.719413346830656,19.0623975089335
3646,42437339,42437333,East3rdStreet,66.19355213006936,63.81078484848491
3647,42442935,42453008,East40thStreet,17.929710536718744,21.75890496613103
3648,42443029,42450025,East81stStreet,60.767688470847084,59.954407091993815
3649,42438503,42450025,3rdAvenue,9.405958929751314,10.836042989332553
3650,42443029,42438506,2ndAvenue,11.897726007717631,14.447315718734524
3651,42438503,42438506,East80thStreet,42.995218856536674,49.959921925007826
3652,42443305,42440934,ColumbusAvenue,15.436988376481006,20.641647619875695
3653,42443000,42449991,East69thStreet,57.86419949575368,63.274288553402435
3654,42431680,42449991,3rdAvenue,9.459453447628501,11.641768575682605
3655,42443000,42431681,2ndAvenue,11.752122648059439,21.644392858894683
3656,42431680,42431681,East68thStreet,47.68859063878922,58.592636696476774
3657,42443032,42448238,East83rdStreet,66.8600914818726,65.20205206117993
3658,42439403,42448238,3rdAvenue,9.002061675022842,10.815960762282245
3659,42443032,42439406,2ndAvenue,11.680492793341458,13.177962122354627
3660,42439403,42439406,East82ndStreet,53.43309355697255,54.64931394422866
3661,42442843,42442842,2ndAvenue,24.128538879682,23.560029570988192
3662,42442948,42449954,East47thStreet,48.22988884109817,64.98009388171315
3663,42434087,42449954,3rdAvenue,13.473649526228614,18.83355570488796
3664,42442948,42434090,2ndAvenue,11.115942554385393,15.020541699660008
3665,42434087,42434090,East46thStreet,60.85128295402939,61.45798846761455
3666,42442728,42455252,West177thStreet,13.646926025459695,19.319602881355934
3667,42436807,42455252,AudubonAvenue,7.143118101983005,15.59817560538116
3668,42442728,42436806,AmsterdamAvenue,8.955929393939398,14.73806793248945
3669,42436807,42436806,West176thStreet,24.33339455882353,26.70308140350877
3670,42423101,42436806,AmsterdamAvenue,8.081040610889772,15.897268262548268
3671,42443181,42441077,TiemannPlace,19.646279292307696,21.38968382575757
3672,42441099,42441077,RiversideDrive,35.53067610091742,43.660727646219655
3673,42425088,42441077,RiversideDrive,20.8478285326401,28.32373866956521
3674,42443181,42428858,TiemannPlace,15.184227740259738,22.700637792421738
3675,42428863,42428858,Broadway,15.578213932461875,17.725986019575863
3676,42443181,42421865,ClaremontAvenue,22.409173135036507,26.87958955779673
3677,42443165,42421865,ClaremontAvenue,34.737186837209286,45.07675459057071
3678,42421857,42421865,LaSalleStreet,16.907792073654385,18.880435184729052
3679,42443092,42443824,East120thStreet,37.28319502272728,42.73664753469009
3680,42435237,42443824,1stAvenue,7.938832927918071,10.805824226588634
3681,42443092,42443096,2ndAvenue,9.48106714725644,10.369301099263275
3682,42442895,42449918,East27thStreet,50.82918853122717,54.264712515531514
3683,42429896,42449918,3rdAvenue,14.28989070059657,16.580781953000074
3684,42442895,42429900,2ndAvenue,10.237957586885418,9.536522150300355
3685,42429896,42429900,East26thStreet,55.020083258325776,55.49703622432556
3686,42443588,42428402,ReadeStreet,23.81378110035088,37.329895001195325
3687,42428405,42428402,Broadway,14.155415248233345,19.973916555097663
3688,42442891,42449906,East25thStreet,54.858728920371284,57.40010076274063
3689,42436586,42449906,3rdAvenue,14.092997481334406,16.09959646637492
3690,42442891,42436590,2ndAvenue,11.06827340396248,10.37147999795256
3691,42436586,42436590,East24thStreet,49.823076464590294,52.34284893724186
3692,42442741,42445672,LaurelHillTerrace,50.02720740740742,88.15071153846156
3693,42442755,42445672,West186thStreet,25.192633448275863,39.10496666666667
3694,42436283,42445672,LaurelHillTerrace,15.681042499999998,23.60803333333333
3695,42442741,42438186,AmsterdamAvenue,8.599420027247957,13.529871016042778
3696,42442745,42438186,AmsterdamAvenue,10.004013392857145,11.767242553191496
3697,42438189,42438186,West183rdStreet,20.642614752475254,25.735645714285717
3698,42443165,42441102,West122ndStreet,16.718407511111128,15.813293776758403
3699,42441104,42441102,RiversideDrive,4.190346242315031,5.914613743493817
3700,42443165,42428846,West122ndStreet,12.883498769470402,15.164326128617349
3701,42435354,42428846,West122ndStreet,49.456855268389646,51.72169922135704
3702,42442881,42437287,2ndAvenue,11.690489677425099,10.557512668585144
3703,42437283,42437287,East18thStreet,60.7332037027269,63.71567799918869
3704,42443044,42444820,East90thStreet,52.61478193601766,63.255101610624465
3705,42436551,42444820,1stAvenue,8.879149141773961,10.667947314883124
3706,42443044,42436549,2ndAvenue,12.282452640349414,13.052897857375386
3707,42436551,42436549,East89thStreet,48.5857050694119,62.23254633915922
3708,42443099,42443105,2ndAvenue,10.2159140391791,11.609747966580755
3709,42443341,42435283,West74thStreet,42.16346063239197,45.382224372801886
3710,42432556,42435283,CentralParkWest,11.725366746109266,11.613410908351412
3711,42435295,42435283,CentralParkWest,10.493480166365288,15.613465438758334
3712,42443341,42432558,ColumbusAvenue,11.63556792025876,14.509406595407071
3713,42432556,42432558,West73rdStreet,46.84230835597086,56.09086693557554
3714,42442862,42430898,2ndAvenue,14.881564210465445,12.905281650218868
3715,42430889,42430898,East10thStreet,15.695671224627052,16.807954838868387
3716,42443009,42445236,East71stStreet,51.92491876087377,59.09863998123439
3717,42429690,42445236,3rdAvenue,9.972874049288738,11.777319727251154
3718,42443009,42429693,2ndAvenue,11.334827957585098,19.41087068771094
3719,42429690,42429693,East70thStreet,52.2765898258977,58.45875806709724
3720,42443326,42435265,West68thStreet,48.742770638703526,56.02511048970502
3721,42435266,42435265,CentralParkWest,12.751592062053714,17.97007833771406
3722,42424427,42435265,CentralParkWest,12.392953635511287,13.439902491298707
3723,42443326,42429998,ColumbusAvenue,13.404704382205074,17.741944018279
3724,42424427,42429998,West67thStreet,42.52675554324407,57.775091512303035
3725,42442877,42431464,2ndAvenue,25.902099719296718,23.076377518109737
3726,42431467,42431464,East15thStreet,21.14850077723008,19.86603703133257
3727,42442902,42445417,East30thStreet,62.834586194621785,78.22050917092145
3728,42436756,42445417,1stAvenue,9.218211734815574,13.019167547185571
3729,42442902,42436754,2ndAvenue,11.267089266643564,10.813229530775606
3730,42436756,42436754,East29thStreet,53.54967797766018,62.285382806348416
3731,42442609,42453757,West139thStreet,28.846788089622628,30.5358111581921
3732,42433800,42453757,HamiltonPlace,12.628552228682173,12.589114089147284
3733,42442609,42435940,AmsterdamAvenue,10.794000292553193,13.471531798715205
3734,42442604,42435940,AmsterdamAvenue,20.310744580989038,27.024683815406984
3735,42442609,42433797,AmsterdamAvenue,9.825351414952332,13.317498573525091
3736,42442613,42433797,AmsterdamAvenue,11.521192199312715,12.258227754237282
3737,42433800,42433797,West140thStreet,26.35592681572861,29.921611540540532
3738,42427735,42433797,West140thStreet,22.134143349753696,24.268312031662266
3739,42442850,42442848,2ndAvenue,18.491520257716594,17.405360680729977
3740,42437626,42442848,East4thStreet,62.485076598344385,61.30419220186655
3741,42442584,42442586,AmsterdamAvenue,13.846364652934536,18.10181319637616
3742,42442589,42442586,AmsterdamAvenue,6.326036566164148,7.7810239239647
3743,42436739,42442586,West126thStreet,20.226999201545397,23.99635064346685
3744,42442584,42429827,West125thStreet,58.42746747107736,78.27038958973428
3745,42440144,42429827,West125thStreet,17.42246770724421,21.193859121505998
3746,42442584,42421852,AmsterdamAvenue,17.204928241989876,19.253203352518003
3747,42438928,42421852,AmsterdamAvenue,26.509036285755773,37.64647298659517
3748,42421857,42421852,LaSalleStreet,62.910924602510434,69.92051191417279
3749,42442910,42442906,2ndAvenue,11.899042307427726,12.200156149531665
3750,42442898,42442895,2ndAvenue,11.183892176384974,10.500208623704617
3751,42442592,42451540,West129thStreet,25.171214594992627,33.01439739543725
3752,42442586,42451540,West126thStreet,27.8206736553238,37.69346495283018
3753,42442857,42434142,2ndAvenue,15.117155033928466,13.741905095229079
3754,42434140,42434142,SaintMarksPlace,64.82143713454244,62.24336545360469
3755,42442842,42443127,2ndAvenue,15.592501596251573,14.933837434233133
3756,42432083,42443127,ChrystieStreet,33.54074847231832,28.790675892084497
3757,42442755,42436285,AmsterdamAvenue,11.712450324483774,13.557535449735456
3758,42442764,42436285,AmsterdamAvenue,18.664849999999994,18.79959
3759,42443520,42421786,EllwoodStreet,15.728710909090914,21.04148894736843
3760,42421785,42421786,HillsideAvenue,21.694699342105263,29.81607466666668
3761,42443520,42421785,BogardusPlace,38.916245652173906,38.821205555555565
3762,42421783,42421785,HillsideAvenue,14.709360177304957,21.781586587301565
3763,42435434,42435435,MulberryStreet,26.302080165105963,28.741630713844252
3764,42435434,42425955,WorthStreet,29.33790329764173,38.21998427885972
3765,42427300,42425955,WorthStreet,53.3426773746906,65.30439840583291
3766,42442625,42434262,AmsterdamAvenue,10.667004772313293,11.979820802568224
3767,42442621,42434262,AmsterdamAvenue,10.939671194710447,15.820956124260347
3768,42434259,42434262,West145thStreet,30.04450292775664,34.82999252782192
3769,42428931,42434262,West145thStreet,56.94231910112363,60.416345806451616
3770,42443280,42427915,West81stStreet,48.280669700956956,55.064893289297025
3771,42433564,42427915,CentralParkWest,13.201134090437126,17.71507633047905
3772,42424225,42427915,CentralParkWest,46.70633043841229,44.80342452224513
3773,42443280,42421769,ColumbusAvenue,10.742000431596091,12.393208117197132
3774,42421772,42421769,West80thStreet,47.02110519116098,51.00318741280914
3775,42442791,42442794,StantonStreet,8.525991858529821,9.159979890109888
3776,42442596,42438247,AmsterdamAvenue,11.268709373590974,14.805019454045565
3777,42438246,42438247,West131stStreet,17.734444180790963,19.921986923076922
3778,42434098,42438247,AmsterdamAvenue,23.665009411182588,28.206427162447273
3779,42442770,42442773,AmsterdamAvenue,42.134955555555564,81.47715000000002
3780,42442770,42442766,AmsterdamAvenue,13.692772222222226,19.883053125
3781,42442764,42442766,AmsterdamAvenue,15.387737102803746,23.38631328125001
3782,42442613,42447404,West141stStreet,21.128845424929175,23.880277547169822
3783,42438295,42447404,HamiltonPlace,12.47747291489362,11.580604540540538
3784,42442613,42438292,AmsterdamAvenue,9.76513638795986,13.36916266364902
3785,42442618,42438292,AmsterdamAvenue,12.094381818181816,13.673969131121645
3786,42438295,42438292,West142ndStreet,13.698595290697673,13.870157997138774
3787,42442963,42436527,2ndAvenue,16.896411241964017,30.26355691723073
3788,42442255,42442247,SpringStreet,38.326038850054395,45.260783709900856
3789,42430044,42442247,ClevelandPlace,26.93258380685153,30.259636806585497
3790,42442230,42458313,ElizabethStreet,39.74312050232556,40.91754030886077
3791,42442230,42437605,SpringStreet,26.74691286303013,24.11105580499198
3792,42442697,42442684,AmsterdamAvenue,12.742573575129535,14.781734153846154
3793,42439724,42442684,West163rdStreet,34.48945972222222,39.81910221052632
3794,42433017,42442684,AmsterdamAvenue,7.8893382671206975,16.99253747308781
3795,42442697,42439728,West164thStreet,29.14974642857143,31.599835294117646
3796,42439724,42439728,EdgecombeAvenue,14.898556845637588,20.685644133333334
3797,42437316,42439728,EdgecombeAvenue,12.10252784090909,14.8616386
3798,42442684,42442697,AmsterdamAvenue,7.854276804733728,16.43812097276265
3799,42437319,42442697,AmsterdamAvenue,12.010482142857144,15.126454274809165
3800,42433024,42442697,West164thStreet,14.860598888888891,27.907573272727262
3801,42442684,42439724,West163rdStreet,39.82636896551725,49.3517
3802,42439728,42439724,EdgecombeAvenue,13.30520211538461,16.902516271186446
3803,42439721,42439724,EdgecombeAvenue,15.189848786407769,21.037047022332505
3804,42442684,42433020,West163rdStreet,5.987985328205128,10.61718289533995
3805,42433024,42433020,SaintNicholasAvenue,9.114112515789474,12.236654566929133
3806,42442671,42442664,AmsterdamAvenue,8.881795963983047,12.601932352132051
3807,42438257,42442664,AmsterdamAvenue,6.534286283618581,13.069155062376888
3808,42428964,42442664,West160thStreet,36.05670463373081,56.747503533568896
3809,42442635,42434340,AmsterdamAvenue,11.05824230630631,11.093516684782612
3810,42439213,42434340,AmsterdamAvenue,8.538289095709567,12.475089603440043
3811,42434338,42434340,West149thStreet,22.9698356353591,28.66527964391694
3812,42442664,42442671,AmsterdamAvenue,6.463195935828877,12.446763577793002
3813,42433017,42442671,AmsterdamAvenue,7.112218641732283,9.376892850000004
3814,42433011,42442671,West161stStreet,7.303444310344825,8.234855176470585
3815,42442664,42438257,AmsterdamAvenue,9.570061002087687,13.337763791348596
3816,42442659,42438257,AmsterdamAvenue,6.9037036405318615,13.034392079027352
3817,42432994,42438257,West159thStreet,11.222912586872592,17.76141728205129
3818,42442664,42432999,West160thStreet,7.2816019711042355,9.7650489516129
3819,42432994,42432999,SaintNicholasAvenue,8.970248682795699,15.089527866184454
3820,42442659,42442656,AmsterdamAvenue,9.680658333333335,12.455871644562334
3821,42433339,42442656,AmsterdamAvenue,6.950820968266884,13.559907775881694
3822,42432990,42442656,West157thStreet,15.117842229729721,18.70382114882506
3823,42442659,42432992,West158thStreet,12.569472773294208,19.869323303964766
3824,42432990,42432992,SaintNicholasAvenue,8.642265542328047,13.216571367924528
3825,42432994,42432992,SaintNicholasAvenue,7.870137676630436,9.882470783410136
3826,42442656,42433339,AmsterdamAvenue,9.797339976470589,12.230661208791211
3827,42442651,42433339,AmsterdamAvenue,7.368676861097388,13.254704612042215
3828,42442276,42454423,WestBroadway,42.0432239852399,49.54039792842629
3829,42433578,42454423,PrinceStreet,22.857683510404488,24.872567613306536
3830,42442276,42433577,SpringStreet,29.466369689108305,33.04301085862373
3831,42433578,42433577,WoosterStreet,41.001470111743615,47.405908948178556
3832,42442961,42432861,2ndAvenue,17.386807213522946,25.650028509207832
3833,42432856,42432861,East57thStreet,55.368309761643715,71.5910294049327
3834,42423564,42432861,East57thStreet,41.9712049922549,40.68105249999999
3835,42442961,42423565,East58thStreet,16.977349864695398,27.323393031289676
3836,42442645,42438024,AmsterdamAvenue,7.002832745792732,12.59184969897652
3837,42442651,42438024,AmsterdamAvenue,12.890489591836738,14.686625925297115
3838,42432983,42438024,West154thStreet,25.94159673076923,29.463784033613443
3839,42443310,42421974,ColumbusAvenue,14.706373197024837,18.903488205797068
3840,42442722,42439783,AmsterdamAvenue,10.361746271604943,13.570405058823534
3841,42435198,42439783,AmsterdamAvenue,5.426008394160582,9.960700444444443
3842,42435197,42439783,EdgecombeAvenue,17.688243058823534,18.664566783216788
3843,42442722,42429452,AmsterdamAvenue,6.853261349614394,16.51283579268292
3844,42442723,42429452,AmsterdamAvenue,9.449287078431377,13.820487594339626
3845,42442628,42442625,AmsterdamAvenue,10.172809981651383,12.459766735668794
3846,42434262,42442625,AmsterdamAvenue,10.010848469642378,14.686987161815074
3847,42428934,42442625,West146thStreet,56.638216342412456,54.37375026086956
3848,42442561,42443406,West104thStreet,49.68970949927186,54.49215006702415
3849,42437917,42443406,ColumbusAvenue,8.920831840058906,10.425206781836929
3850,42442561,42437918,AmsterdamAvenue,8.98228685192991,10.453882682545387
3851,42437917,42437918,West105thStreet,55.04972060458655,63.202488849124144
3852,42442552,42442555,AmsterdamAvenue,8.859464399618297,10.229566275372825
3853,42442578,42442577,AmsterdamAvenue,13.037261885870624,13.728739330985912
3854,42437142,42442577,AmsterdamAvenue,19.854298131126466,23.851443920936127
3855,42442577,42442578,AmsterdamAvenue,9.93369247405912,11.853948327001364
3856,42435372,42442578,West119thStreet,24.043121644736843,28.76044825938566
3857,42429714,42442578,AmsterdamAvenue,13.84501363847584,14.9385433351976
3858,42442577,42437142,AmsterdamAvenue,21.985624795861813,22.707190889818285
3859,42442575,42437142,AmsterdamAvenue,10.426745319031633,12.444498803046795
3860,42435364,42437142,West116thStreet,22.004818061749567,27.856932581926518
3861,42442577,42435367,West118thStreet,19.669701302521013,24.603025132203378
3862,42435372,42435367,MorningsideDrive,10.334620658613742,10.690450410179645
3863,42435364,42435367,MorningsideDrive,18.65958573164289,23.18298975213676
3864,42443118,42425747,East127thStreet,15.980565481171544,21.310110569272968
3865,42442575,42435362,West115thStreet,16.53574569851672,20.152041233928227
3866,42435364,42435362,MorningsideDrive,10.993042844757518,11.681184229315416
3867,42435360,42435362,MorningsideDrive,11.22377824923547,13.361445559395245
3868,42442574,42442575,AmsterdamAvenue,9.577233398704264,11.361014787900984
3869,42437142,42442575,AmsterdamAvenue,12.146551599186532,14.151678693296173
3870,42442574,42435360,West114thStreet,31.275793500578914,33.45095869365227
3871,42435362,42435360,MorningsideDrive,10.970207037187405,12.16224621326414
3872,42431186,42435360,MorningsideDrive,10.747162779097387,12.611505449640285
3873,42442574,42431187,AmsterdamAvenue,11.04150518019186,12.038266675703865
3874,42437222,42431187,AmsterdamAvenue,9.384914890284618,10.981019510563788
3875,42431186,42431187,West113thStreet,32.874040213068184,42.160364968152905
3876,42442569,42442571,AmsterdamAvenue,9.823269492398492,11.612035316170454
3877,42437222,42442571,AmsterdamAvenue,11.841331235912126,12.757661091836727
3878,42442569,42428782,CathedralParkway,39.489913024691326,48.01539074328302
3879,42441926,42428782,CathedralParkway,15.029520763500932,15.189084273301733
3880,42442480,42443353,West86thStreet,52.85741470389741,61.72686234484817
3881,42435310,42443353,West86thStreet,41.68530358899083,53.211035837973576
3882,42434158,42443353,ColumbusAvenue,9.716472866127722,11.320643847914305
3883,42442480,42434160,AmsterdamAvenue,10.18298421854158,11.434221486202295
3884,42434158,42434160,West87thStreet,42.61341689310693,48.14027548716957
3885,42442651,42432985,West155thStreet,27.67861151563753,31.23873186567165
3886,42439673,42432985,West155thStreet,14.159328044654927,16.382560454545462
3887,42432990,42432985,SaintNicholasAvenue,17.9093129406037,22.86522226907629
3888,42432983,42432985,SaintNicholasAvenue,10.975266211604094,18.52915704710145
3889,42442651,42428956,West155thStreet,37.209757449392704,53.11993088235295
3890,42442463,42443347,West79thStreet,52.75221692932188,60.93631354635464
3891,42421769,42443347,ColumbusAvenue,12.504769830942928,14.214979629746173
3892,42442384,42445689,West186thStreet,23.385667105263163,24.929161875
3893,42436296,42445689,BennettAvenue,23.724661024096388,28.050193125000003
3894,42429072,42445689,West186thStreet,15.300987802547775,25.130452999999992
3895,42442384,42436297,OverlookTerrace,16.91836096339114,21.152941616541366
3896,42442400,42436297,OverlookTerrace,53.680178615384605,55.80986413043477
3897,42436296,42436297,West187thStreet,26.66947214007781,33.841524564102556
3898,42442459,42443346,West76thStreet,49.866653245346185,59.623727473106925
3899,42438859,42443346,ColumbusAvenue,11.421924406065596,13.389596346878545
3900,42442459,42438862,AmsterdamAvenue,11.08583219967909,12.129413433796847
3901,42438859,42438862,West77thStreet,60.18040215819802,60.24088331521743
3902,42442604,42438836,AmsterdamAvenue,13.718176931608136,14.68887780640125
3903,42438839,42438836,West135thStreet,18.625359396984926,25.143556050724648
3904,42435997,42438836,AmsterdamAvenue,11.215934557039759,15.436936895847516
3905,42428892,42438836,West135thStreet,45.784688655569724,54.977266706730745
3906,42442128,42438906,MountMorrisParkWest,9.75630865225684,11.121685390237527
3907,42442432,42443336,West72ndStreet,54.383904905257985,54.05199478659613
3908,42432558,42443336,ColumbusAvenue,11.66433979188576,15.180352850568195
3909,42442432,42432564,AmsterdamAvenue,13.712957802566454,16.158962551886685
3910,42432558,42432564,West73rdStreet,48.79803673076928,49.55805295625432
3911,42442432,42428634,West72ndStreet,13.96201284887622,17.118676668606593
3912,42431004,42428634,West72ndStreet,47.57499091137965,58.108883275577604
3913,42442422,42443332,West70thStreet,40.12362252770229,44.561096351479385
3914,42437384,42443332,ColumbusAvenue,12.184843822930198,15.984878196252428
3915,42442410,42442415,AmsterdamAvenue,9.003306759553965,11.56706457816844
3916,42430985,42442415,West65thStreet,60.22191336869303,68.15596148679948
3917,42442247,42445498,LafayetteStreet,37.032605647341526,41.29210989704511
3918,42435477,42445498,PrinceStreet,23.34451680924493,30.342152754996896
3919,42442247,42435472,SpringStreet,34.933740800326085,31.843845192034138
3920,42430038,42435472,MulberryStreet,28.995307392520093,27.99277311466853
3921,42442247,42430044,LafayetteStreet,41.51774877431031,50.9929777250608
3922,42432171,42430044,ClevelandPlace,24.370432101791092,26.95231531471926
3923,42430038,42430044,KenmareStreet,25.47976100572813,27.382883795123504
3924,42442415,42439464,AmsterdamAvenue,9.116321090154011,11.136042635375244
3925,42442723,42423101,AmsterdamAvenue,7.483533971119138,16.561051901408447
3926,42436806,42423101,AmsterdamAvenue,9.954806003159556,15.244925168067233
3927,42442291,42440854,SpringStreet,14.635202770901847,20.096712891371283
3928,42440869,42440854,WestStreet,7.899695610358857,10.813822469405103
3929,42440850,42440854,CanalStreet,17.879501085454407,22.328724896456986
3930,42442291,42440850,WashingtonStreet,8.107102246575348,10.138018641322327
3931,42442291,42436088,SpringStreet,21.922940542801694,23.46819554255441
3932,42442288,42440847,RenwickStreet,28.67827405926948,39.54964243168136
3933,42436073,42440847,WattsStreet,18.317590025641014,19.356078295918373
3934,42426089,42440847,CanalStreet,10.628475259870623,12.638503888607163
3935,42442288,42436355,SpringStreet,21.455490350484727,25.18774235512631
3936,42436353,42436355,HudsonStreet,12.504442789718759,15.714205144543548
3937,42438018,42440075,BradhurstAvenue,11.75663295302014,13.522870789473679
3938,42440072,42440075,BradhurstAvenue,12.633983673469391,12.814614293785302
3939,42435894,42440075,West153rdStreet,15.82477523364486,18.614256857142845
3940,42442164,42442175,72ndStreetTransverse,21.27980397442173,27.952805975440015
3941,42431413,42442175,CentralParkDriveway,35.34470784526954,48.69609008636878
3942,42442158,42442164,CentralParkDriveway,35.033753347408336,45.98026744842826
3943,42442123,42442117,MountMorrisParkWest,9.427780342064716,10.661263117512329
3944,42442286,42436567,VarickStreet,12.055627979596867,16.207569826084246
3945,42442286,42430154,SpringStreet,44.5628352406417,43.117623923932406
3946,42432127,42430154,6thAvenue,23.709349817743856,30.127094752944412
3947,42442417,42428601,West68thStreet,34.394761220302364,34.307706080370274
3948,42441956,42441955,RiversideDrive,10.285869922600618,11.997074173913042
3949,42434264,42441955,RiversideDrive,7.699653252321142,12.642331418203224
3950,42441955,42441956,RiversideDrive,6.761477504030488,11.15215161064718
3951,42439216,42441956,RiversideDrive,9.8158208045977,11.160751086419749
3952,42441955,42434264,RiversideDrive,10.01012758436945,12.594889596774195
3953,42441953,42434264,RiversideDrive,7.785377627551023,12.375298707923115
3954,42428931,42434264,West145thStreet,20.714292785829308,23.576083052884627
3955,42441955,42428934,West146thStreet,20.13401662921348,23.25349847020934
3956,42428931,42428934,Broadway,7.298151184348531,10.817830574138789
3957,42442269,42432156,MercerStreet,37.8010447760788,63.01992878432265
3958,42428438,42432156,BroomeStreet,22.74226724718033,35.873754402914145
3959,42442269,42428441,SpringStreet,36.99090198493611,43.79131147870266
3960,42428444,42428441,Broadway,42.48615826776397,58.38982429278649
3961,42441953,42428928,West144thStreet,24.080442230392148,26.030693477477485
3962,42441952,42441953,RiversideDrive,7.528735847097093,11.571989835716186
3963,42434264,42441953,RiversideDrive,12.481862813793096,13.234355225225231
3964,42441952,42438297,RiversideDrive,11.89792089058525,12.717819268585126
3965,42441951,42438297,RiversideDrive,7.364503252065012,11.428044070312493
3966,42441947,42439042,RiversideDrive,12.053537064439142,12.516490057603688
3967,42428892,42439042,West135thStreet,33.24470453265767,40.76224048309178
3968,42441926,42441942,RiversideDrive,12.231236793600011,14.050334724427845
3969,42441899,42441903,RiversideDrive,8.754617445381369,10.560285345636062
3970,42431113,42441903,West103rdStreet,26.65022045527801,31.988760659425893
3971,42441899,42431111,West102ndStreet,21.597421518072284,19.707698394308935
3972,42431113,42431111,WestEndAvenue,10.782134203884208,11.795491731169827
3973,42431108,42431111,WestEndAvenue,12.634124400578306,14.017115669278741
3974,42441895,42441899,RiversideDrive,11.009850366294836,12.61512833417466
3975,42441942,42437223,RiversideDrive,14.463618275120918,16.655995237278443
3976,42441774,42441777,RiversideDrive,27.304487098321328,15.192158631268434
3977,42441771,42441774,RiversideDrive,16.283143720930234,13.405738307228914
3978,42441771,42428944,West150thStreet,23.884401845238088,25.516112975326553
3979,42442107,42429507,BeaverStreet,11.10964607160076,12.594382670786125
3980,42432679,42429507,ExchangePlace,19.73609447412353,25.81015541401275
3981,42441701,42441704,RiversideDrive,10.629799343544848,16.49033488095238
3982,42427126,42441704,West163rdStreet,29.127902063492066,44.202173125000016
3983,42441701,42427122,West162ndStreet,30.163409340659342,42.12312057971015
3984,42427126,42427122,FortWashingtonAvenue,8.907331710691826,10.001642817869417
3985,42427115,42427122,FortWashingtonAvenue,6.012151037079956,9.449716079096044
3986,42441695,42441701,RiversideDrive,10.821019893491117,17.72395396276595
3987,42441670,42441668,RiversideDrive,13.274743582292249,14.659861252980125
3988,42438867,42441668,RiversideDrive,13.249386497705482,13.614525438001234
3989,42441670,42441654,RiversideDrive,11.381575313289545,13.464057529250875
3990,42432572,42441654,RiversideDrive,11.252115672380953,12.496632182695219
3991,42441668,42441670,RiversideDrive,11.057712877583471,12.176162259623684
3992,42441654,42441670,RiversideDrive,9.598271245152958,10.539424359351989
3993,42431008,42441670,West75thStreet,28.57171007030603,31.45101284077442
3994,42441668,42438867,RiversideDrive,9.976759283276452,12.276077910798126
3995,42431015,42438867,West77thStreet,29.559509090138462,36.28420081231674
3996,42428072,42438867,RiversideDrive,13.355274987927565,12.580023721384196
3997,42441668,42431009,West76thStreet,20.711715795847763,25.188000194884292
3998,42431008,42431009,WestEndAvenue,14.762243662510931,14.786100306100685
3999,42431015,42431009,WestEndAvenue,11.706145499332047,14.692151603198914
4000,42441654,42432572,RiversideDrive,10.664680166720098,12.799180531299307
4001,42431005,42432572,West73rdStreet,23.138431419130434,24.66462421861152
4002,42424032,42432572,RiversideDrive,12.240448185303517,12.923500454338946
4003,42441654,42431007,West74thStreet,16.17196794694349,19.64210122649223
4004,42431008,42431007,WestEndAvenue,12.707395394033625,17.328984684754516
4005,42431005,42431007,WestEndAvenue,15.119085331766806,14.731471019612158
4006,42437942,42427768,AudubonAvenue,12.147135135135136,14.8865228
4007,42433346,42427768,AudubonAvenue,12.089826666666665,17.954314285714286
4008,42427769,42427768,West192ndStreet,29.022210303030306,29.228387096774195
4009,42441569,42421820,RiversideDrive,9.738470925848342,11.684190598954315
4010,42437312,42421820,RiversideDrive,13.08258895102736,14.304032370641176
4011,42441564,42441569,RiversideDrive,9.682946965532944,11.822379118713936
4012,42431034,42441569,West85thStreet,38.087663858321854,42.451355745856354
4013,42421820,42441569,RiversideDrive,11.190868200520836,11.168655954671793
4014,42441564,42434161,RiversideDrive,11.353556501810475,13.011844854339767
4015,42438052,42434161,RiversideDrive,8.789670366144867,9.422402262780603
4016,42431039,42434161,West87thStreet,39.862875290437934,44.559828861283634
4017,42441564,42431037,West86thStreet,31.123473373597946,35.339022594142264
4018,42431034,42431037,WestEndAvenue,13.606683948842257,14.596705547240989
4019,42431039,42431037,WestEndAvenue,11.175841382971551,13.02013369975158
4020,42441535,42441526,RiversideDrive,11.227054630376346,11.563773638361123
4021,42441535,42437058,RiversideDrive,10.428169425766873,12.693736570557492
4022,42422018,42437058,RiversideDrive,11.73163056241559,12.307771425538688
4023,42441535,42425348,RiversideDrive,40.33908359073357,48.87528030718594
4024,42437005,42425348,RiversideDrive,9.780240232232783,12.70063904141826
4025,42441526,42441521,RiversideDrive,10.501539915137613,11.652344056695984
4026,42431089,42441521,West93rdStreet,37.739020888995704,35.315724990336264
4027,42441526,42431078,West92ndStreet,17.718862411067192,16.967051777557092
4028,42431089,42431078,WestEndAvenue,11.002386501969076,12.276469585721898
4029,42431067,42431078,WestEndAvenue,16.38074892349096,15.140364883280125
4030,42441889,42429557,RiversideDrive,13.010597101180196,14.889130868137032
4031,42441521,42437005,RiversideDrive,14.447999982125134,15.125230009240925
4032,42441777,42428951,West152ndStreet,30.478906166666665,35.2550575091575
4033,42441587,42433569,RiversideDrive,12.727319303439035,14.734072918176453
4034,42437312,42433569,RiversideDrive,10.335438136540734,13.003251653548142
4035,42441587,42421778,RiversideDrive,10.115811364590623,13.123860836542047
4036,42422592,42421778,RiversideDrive,10.60191320033308,11.817194353194456
4037,42441276,42431193,RiversideDrive,15.40500775239106,19.76042291845033
4038,42441263,42431193,RiversideDrive,8.0845962578019,8.494298646658072
4039,42437223,42431193,RiversideDrive,10.8628003699751,12.706462590333178
4040,42441263,42428814,West114thStreet,28.81014926186292,28.155267321613245
4041,42441257,42441263,RiversideDrive,9.829133117639444,10.413975222742245
4042,42431193,42441263,RiversideDrive,9.62456946219432,11.645890845667427
4043,42441257,42437156,RiversideDrive,10.193827380081304,12.82809860975981
4044,42441254,42437156,RiversideDrive,26.388113905038768,27.94951224927537
4045,42440951,42450426,5thAvenue,15.77126504150033,25.39478618172976
4046,42430371,42450426,West54thStreet,83.82406236084861,147.57508173246347
4047,42440951,42430375,West55thStreet,98.92964222209316,131.96987529173316
4048,42430371,42430375,6thAvenue,13.845863894050785,21.31073587339761
4049,42423674,42440025,7thAvenue,20.37386096259273,28.621226967761196
4050,42428332,42440025,West58thStreet,41.2433674135352,49.818400652849036
4051,42423674,42430394,CentralParkSouth,57.062237691748884,81.17452306414206
4052,42434346,42430394,CentralParkSouth,70.81269845357723,89.79572461421644
4053,42430390,42430394,6thAvenue,14.088610337645465,20.23685035569785
4054,42441204,42441251,RiversideDrive,47.648695425667064,56.50986727066818
4055,42440943,42449089,WashingtonStreet,11.524955756286992,12.123515801050562
4056,42436142,42449089,West11thStreet,36.109263720482616,34.35338707630452
4057,42440943,42436146,BankStreet,29.637192721871525,28.9699895386241
4058,42436142,42436146,GreenwichStreet,19.445677941154045,15.067645128331096
4059,42440829,42452026,WestBroadway,36.4207365691959,48.8382049074819
4060,42436763,42452026,GrandStreet,22.61536070848971,28.523637477490773
4061,42432142,42452026,WestBroadway,38.25362559914597,42.82695449088626
4062,42440829,42433573,CanalStreet,19.38833582739508,25.083723873745967
4063,42440825,42433573,CanalStreet,13.70786540725826,21.037249796047092
4064,42433574,42433573,WoosterStreet,41.631997981810315,65.9415285653288
4065,42440825,42452040,GreeneStreet,50.46092548266079,66.99497979594766
4066,42433574,42452040,GrandStreet,27.333095266893526,38.62574566992369
4067,42440825,42440820,CanalStreet,18.871055490946137,28.106167978849502
4068,42439583,42440820,MercerStreet,13.771958508440175,26.425068951199762
4069,42428433,42440820,CanalStreet,19.925778714380762,30.207825893921328
4070,42441169,42441191,RiversideDrive,9.26855239987114,13.549176510791387
4071,42441102,42441099,RiversideDrive,15.469783436034133,20.91727924032945
4072,42441077,42441099,RiversideDrive,31.170509339934014,31.292568293963235
4073,42441077,42443181,TiemannPlace,10.76385415763915,14.460010091673034
4074,42428858,42443181,TiemannPlace,14.946304167294652,16.557949386503047
4075,42421865,42443181,ClaremontAvenue,30.28699984496122,38.365331221198176
4076,42440253,42430704,West50thStreet,27.09465708723261,36.03138047443127
4077,42430698,42430704,11thAvenue,15.063321851034482,14.01117143832021
4078,42430707,42430704,11thAvenue,11.413528535817111,18.07351316741143
4079,42441254,42429718,RiversideDrive,7.113110645230908,9.972198431435963
4080,42441251,42429718,RiversideDrive,14.484026372282605,17.419713089533413
4081,42429716,42429718,West120thStreet,15.58896778900822,19.058794367469893
4082,42441099,42441169,RiversideDrive,24.014755478971967,35.695224757100725
4083,42433554,42452107,EastBroadway,25.528327142857126,31.038443785714307
4084,42427335,42452107,GrandStreet,20.25698176900584,26.386711198910103
4085,42432089,42452107,BialystokerPlace,18.39638699274219,18.741719672951128
4086,42433554,42433553,EastBroadway,8.755419531615921,7.315560556053813
4087,42433551,42433553,EastBroadway,26.08543977864585,30.90534040254237
4088,42441009,42429215,RiversideDrive,8.304352119700752,12.007026055900626
4089,42432795,42429215,DyckmanStreet,12.165513234421356,12.010413554376662
4090,42429216,42429215,Broadway,19.72504868055556,17.5796694680851
4091,42441007,42441009,RiversideDrive,15.679618418367353,22.327680166453266
4092,42432799,42441009,SeamanAvenue,9.774553509615384,11.384411111111117
4093,42429215,42441009,RiversideDrive,5.7840061942857135,6.704179072398193
4094,42441007,42441000,RiversideDrive,5.100773547963209,7.970317347931876
4095,42440935,42442404,AmsterdamAvenue,8.548848136515035,10.012863512606263
4096,42440935,42430749,West59thStreet,60.89661921219924,75.1074318608027
4097,42430747,42430749,11thAvenue,8.698233406908997,8.992576708790182
4098,42440815,42445484,LafayetteStreet,18.678867534003547,25.72896292243041
4099,42428428,42445484,WalkerStreet,44.62106246644296,61.06784230168376
4100,42440815,42427316,CanalStreet,17.164821759780658,27.693264389036933
4101,42440810,42427316,CanalStreet,18.55040199843591,25.452399430792365
4102,42427311,42427316,CentreStreet,13.57672331640113,22.33685311924791
4103,42440804,42445606,ElizabethStreet,29.816932536361843,39.867655331991976
4104,42437580,42445606,HesterStreet,28.83917056137899,43.412782382170235
4105,42440804,42432246,CanalStreet,21.8433640802005,29.650818926538363
4106,42435451,42432246,CanalStreet,18.984073631064344,28.061477697415203
4107,42432250,42432246,MottStreet,33.352850125885126,37.917517959582774
4108,42440792,42445620,OrchardStreet,30.569061587121226,38.322726022584696
4109,42437965,42445620,HesterStreet,8.045851048703849,9.967170046153846
4110,42440792,42440679,CanalStreet,17.630738327168114,13.693612367055778
4111,42440785,42440679,CanalStreet,30.2169216801968,22.143031811310188
4112,42440682,42440679,LudlowStreet,38.299294229665094,40.0193917211598
4113,42440553,42452396,LaguardiaPlace,18.382863591634358,20.022236236529427
4114,42436796,42452396,WashingtonSquareSouth,24.49736919278996,21.79730743780814
4115,42440553,42436793,West3rdStreet,21.889062631171907,19.853517145295978
4116,42436796,42436793,ThompsonStreet,19.979303618716248,16.608751493755992
4117,42440916,42440918,LaightStreet,12.65300091886444,15.684888587219335
4118,42436316,42440918,WestStreet,8.191734589076017,11.447813631670058
4119,42440916,42438060,WashingtonStreet,10.976466814159298,15.246383410227908
4120,42427412,42440628,SouthEndAvenue,11.296495418247149,12.942859055717511
4121,42440639,42440628,RectorPlace,20.335070369588163,26.82786969337289
4122,42440376,42433779,MalcolmXBoulevard,15.659975353982293,16.388542400000006
4123,42440381,42433779,MalcolmXBoulevard,14.442566721311472,14.406858977272732
4124,42433781,42433779,West140thStreet,45.176847863247865,54.46290358126722
4125,42440940,42439078,West4thStreet,27.559179489833657,22.116145457598662
4126,42435578,42439078,West12thStreet,20.375281720667306,20.26144991690752
4127,42440940,42433278,BankStreet,46.9424506507893,38.96757813186814
4128,42440567,42448406,SuttonPlaceSouth,24.078592126494023,21.170460831112607
4129,42440565,42448406,SuttonPlaceSouth,19.15009730934479,23.8623421145895
4130,42440567,42443621,East56thStreet,26.81670351851852,40.22099540229887
4131,42440565,42436716,SuttonPlaceSouth,22.984481831160746,27.31204939741749
4132,42440350,42454798,WaterStreet,10.950005703958693,11.705732661790972
4133,42429844,42454798,WaterStreet,13.058955265590726,15.814635706854336
4134,42427254,42454798,MaidenLane,8.141025667416109,12.219941754740837
4135,42427249,42454798,MaidenLane,13.463150785893117,15.468667327940025
4136,42440350,42440353,JohnStreet,8.792580372069317,11.268201110489724
4137,42440356,42440353,JohnStreet,9.948253500900153,15.098786144870436
4138,42440350,42440347,JohnStreet,12.903699884225755,16.23707578177728
4139,42440271,42440347,PearlStreet,17.507576109635338,19.267264687499992
4140,42433330,42440347,JohnStreet,16.878975440479955,18.65189236258993
4141,42440838,42439550,CanalStreet,10.75139550731477,13.50389906105324
4142,42430135,42439550,CanalStreet,26.03283789620132,34.5845828737951
4143,42440838,42426089,CanalStreet,48.20853116321767,60.97688944368728
4144,42440847,42426089,CanalStreet,15.178133424676519,20.21888213971292
4145,42436014,42426089,HudsonStreet,7.9729938571073715,10.413669066427934
4146,42440838,42424395,VarickStreet,14.67769456114377,19.92945689702439
4147,42440527,42448568,WashingtonStreet,17.274443793758472,22.83004336579021
4148,42436109,42448568,WestHoustonStreet,15.485499015764324,19.072668296041954
4149,42440527,42436115,ClarksonStreet,20.01414818696645,20.59551487003389
4150,42436109,42436115,GreenwichStreet,13.181483335762884,13.109694628190903
4151,42440743,42440737,East14thStreet,63.868935083919894,55.679975501232995
4152,42440729,42440737,East14thStreet,77.4626611900098,68.39113058211814
4153,42431464,42440737,2ndAvenue,14.51615700394669,12.57343601665429
4154,42440743,42439006,East14thStreet,57.75512257362709,53.04993312497085
4155,42439001,42439006,East14thStreet,40.059124894192365,36.9054903112781
4156,42436944,42439006,AvenueA,20.77923469481901,21.468360732041052
4157,42440743,42431470,1stAvenue,13.955616939951137,13.566204427631106
4158,42440737,42440743,East14thStreet,56.722851363747004,57.377588448475095
4159,42439006,42440743,East14thStreet,50.009689442396315,48.86489154197635
4160,42436943,42440743,1stAvenue,13.58106982708934,12.813656919478461
4161,42440737,42440729,East14thStreet,43.71165547014121,44.36520551605852
4162,42436941,42440729,3rdAvenue,16.842047168031822,15.305716346502447
4163,42434352,42440729,East14thStreet,63.10025808067629,57.10831780596819
4164,42431459,42440729,3rdAvenue,20.808783181035885,16.960614815309107
4165,42440737,42436942,2ndAvenue,16.02995507201632,13.858822022840604
4166,42436943,42436942,East13thStreet,60.05363192829035,55.31056859688199
4167,42440729,42434352,East14thStreet,36.89326387249796,34.51449751294273
4168,42440721,42434352,East14thStreet,47.634343568504235,44.32680034578148
4169,42431453,42434352,IrvingPlace,23.022058980509755,18.60633845308537
4170,42440323,42453310,ParkAvenueSouth,16.95781268884779,15.977164185149341
4171,42439203,42453310,ParkAvenueSouth,20.520521361923034,21.63237182961945
4172,42438173,42453310,East21stStreet,23.004095647300968,23.993782017773434
4173,42440810,42438038,BaxterStreet,45.703269476758365,48.95745536739385
4174,42440810,42435451,WalkerStreet,19.329635196043814,28.958845257947573
4175,42435448,42435451,MulberryStreet,41.03915312878789,49.35716654885653
4176,42432246,42435451,CanalStreet,19.82512955116695,27.73879169374827
4177,42440290,42453943,ChurchStreet,15.12127613135174,22.25162406280929
4178,42440754,42439001,East14thStreet,36.154170547662616,33.97440993195469
4179,42439006,42439001,East14thStreet,49.466574690356204,49.3702720807025
4180,42436947,42439001,AvenueB,19.884992991581488,19.697497657018012
4181,42440966,42431563,10thAvenue,9.808626583933325,12.014041884058932
4182,42430742,42431563,West56thStreet,53.473129590834645,51.154347143106726
4183,42440966,42430739,West55thStreet,51.60749160250239,72.58955644721458
4184,42430736,42430739,11thAvenue,13.200029937251609,13.199761656783851
4185,42430742,42430739,11thAvenue,11.578248004657764,17.243249013628517
4186,42440459,42446991,LexingtonAvenue,14.654179298068975,19.409384465823603
4187,42440459,42440456,East51stStreet,43.70798660765547,65.41263295303177
4188,42440710,42438784,East14thStreet,56.52874043747029,54.70432362911264
4189,42436935,42438784,UniversityPlace,32.596036161184,28.097035990118428
4190,42431491,42438784,UnionSquareWest,18.99196261357061,15.94815178829298
4191,42428493,42438784,East14thStreet,29.47920429190674,31.47664696246306
4192,42440710,42431490,5thAvenue,30.345111606515193,34.38881974857634
4193,42431491,42431490,East15thStreet,32.2176450559369,32.39230668201465
4194,42440710,42430253,West14thStreet,84.5858456709431,83.02931511274313
4195,42439823,42430253,West14thStreet,61.47192342526129,64.90013752591831
4196,42429374,42430253,6thAvenue,15.343734881912484,15.110386162453992
4197,42440710,42429373,5thAvenue,17.26313126669481,15.055504351409581
4198,42436935,42429373,East13thStreet,49.578374843446376,48.23234251094895
4199,42440628,42440639,RectorPlace,25.914842428379607,31.05897462271905
4200,42437401,42440639,SouthEndAvenue,15.082794803063454,16.95427207698076
4201,42440628,42427412,SouthEndAvenue,8.762437557430852,10.951380527488856
4202,42427411,42427412,WestThamesStreet,12.343244808230455,14.796603964577644
4203,42439416,42451754,EastEndAvenue,9.169950440659967,12.313146194367347
4204,42439416,42448257,EastEndAvenue,21.477483007495326,21.709002268722475
4205,42435522,42448257,EastEndAvenue,10.539456775529224,13.727269937918727
4206,42440079,42432799,SeamanAvenue,19.41465183673469,30.3547793939394
4207,42432802,42432799,DyckmanStreet,10.364097361111103,12.761581848484848
4208,42429215,42432799,DyckmanStreet,6.754893110307415,7.780485285714293
4209,42440449,42438531,SouthStreet,9.344017214481537,11.897499777712117
4210,42438529,42438531,MontgomeryStreet,9.479259402674076,9.998341975503756
4211,42436971,42438531,FrontStreet,6.140853714134492,7.910223979782933
4212,42440449,42437503,ClintonStreet,24.398212239697113,22.963765985961828
4213,42437505,42437503,CherryStreet,16.158228159836067,15.554762341710493
4214,42440721,42431452,4thAvenue,27.764169042661532,29.97259769558089
4215,42437018,42431452,UnionSquareEast,18.37255361030389,15.302787612340715
4216,42431453,42431452,East15thStreet,43.47993086191889,40.223794771932795
4217,42440721,42428493,East14thStreet,28.854354041933373,29.505550659309343
4218,42438784,42428493,East14thStreet,35.45995615212526,36.1793359216714
4219,42431452,42428493,UnionSquareEast,23.008857110791613,20.496566823202905
4220,42440313,42427762,5thAvenue,14.218072030769994,24.542826009978754
4221,42427764,42427762,West58thStreet,17.6953448593844,27.004595407520014
4222,42440356,42444255,SouthStreet,16.977171019172552,23.20462481873582
4223,42433243,42444255,SouthStreet,9.54422093515052,13.347510343702414
4224,42440798,42429637,CanalStreet,15.615169129609544,13.05785685673412
4225,42437990,42429637,CanalStreet,20.007804581196567,18.5018574965035
4226,42429636,42429637,EldridgeStreet,24.324926119723077,25.95745595282501
4227,42440452,42440153,5thAvenue,15.967302384046853,26.00807273893255
4228,42430358,42440153,West50thStreet,96.9579625611165,133.71320345532172
4229,42440452,42430361,West51stStreet,87.42943890299227,129.45441111637828
4230,42430358,42430361,6thAvenue,13.258325272773448,18.56428320377263
4231,42434589,42434559,MargaretCorbinDrive,12.209687826086958,16.843223454545466
4232,42440388,42440385,MalcolmXBoulevard,12.271881487695751,17.071389662650606
4233,42438275,42440385,MalcolmXBoulevard,15.865665348506408,21.706877675840968
4234,42440385,42440388,MalcolmXBoulevard,15.392020583058311,19.884009295942715
4235,42439910,42440388,West144thStreet,41.8350885375494,55.204352011494244
4236,42432659,42440388,MalcolmXBoulevard,12.049400637168148,15.9593737244898
4237,42440385,42438275,MalcolmXBoulevard,14.796298274336287,14.651885224719102
4238,42440381,42438275,MalcolmXBoulevard,14.834002118811885,17.33045080691643
4239,42438271,42438275,West142ndStreet,26.90367375000001,30.364917757009355
4240,42438281,42438275,West142ndStreet,40.824223195876314,53.758495783132545
4241,42440385,42426968,West143rdStreet,34.1826503196347,44.7247068522484
4242,42440134,42438923,MorningsideAvenue,15.750910532445927,21.287287902607368
4243,42440138,42438923,MorningsideAvenue,14.779186330343805,19.53943828100471
4244,42438920,42438923,West123rdStreet,32.31705224856909,38.16329371241112
4245,42440347,42429353,PearlStreet,9.682946026590383,11.990941298701301
4246,42429354,42429353,PlattStreet,20.99337352684416,23.90073888083737
4247,42440343,42440345,JohnStreet,20.78189022206108,25.832140838409156
4248,42440280,42440345,GoldStreet,28.220620014603853,35.78584110560427
4249,42440343,42440282,WilliamStreet,22.535112623280266,32.4017798898129
4250,42440280,42440282,FultonStreet,21.690314531900892,27.071620114220448
4251,42440340,42440343,JohnStreet,13.742165287511234,17.776328327974287
4252,42429362,42440343,WilliamStreet,9.90803274374825,14.749822097406225
4253,42440335,42440340,JohnStreet,14.790984657719333,20.209664606419576
4254,42440284,42440340,DutchStreet,25.816960629496407,28.91192612903225
4255,42440335,42440287,NassauStreet,19.70417993194195,31.909154327548798
4256,42440284,42440287,FultonStreet,21.422694997895604,25.98209251637281
4257,42440153,42445928,East50thStreet,56.639075998016345,76.40659813667858
4258,42438881,42445928,MadisonAvenue,12.572958636436832,20.53556444434341
4259,42440153,42432580,5thAvenue,16.165654904059707,26.163237815086287
4260,42438881,42432580,East49thStreet,52.95366698155647,82.70919336048719
4261,42440325,42438174,LexingtonAvenue,16.39033209032434,13.607683798707395
4262,42437530,42438174,GramercyParkNorth,22.813274383550567,23.71505531080209
4263,42439887,42453258,West135thStreet,42.81361948051949,49.28170778688524
4264,42437801,42453258,West135thStreet,20.957754457752614,25.744575549958018
4265,42436001,42453258,LenoxAvenue,18.1049426438849,21.584050317389355
4266,42434361,42453258,LenoxAvenue,15.846710444444437,21.585223973214273
4267,42439887,42439891,AdamClaytonPowellJr.Boulevard,18.299633813900066,16.576743804950116
4268,42435850,42439891,West136thStreet,42.67153918918918,47.86669679849342
4269,42439887,42436003,AdamClaytonPowellJr.Boulevard,15.446630463276833,18.129178305288452
4270,42436001,42436003,West134thStreet,43.69353289760349,50.68041769722814
4271,42435837,42436003,West134thStreet,45.407181285347065,47.670376046176074
4272,42439887,42435844,West135thStreet,39.48817123794213,46.68299616490891
4273,42439588,42435844,West135thStreet,22.93635100371748,23.42754793103449
4274,42435850,42435844,FrederickDouglassBoulevard,15.353834223034735,15.457716757215623
4275,42435837,42435844,FrederickDouglassBoulevard,15.475549539144918,17.005972567865008
4276,42440282,42440284,FultonStreet,18.439997828188925,21.82983897838452
4277,42440280,42440277,FultonStreet,8.673544065244664,9.536813470540752
4278,42439861,42439860,AdamClaytonPowellJr.Boulevard,14.973722910052915,18.20810649962603
4279,42435803,42439860,West124thStreet,46.50669268219833,61.02184542671256
4280,42439861,42435805,West125thStreet,52.35080416464892,63.40062283825026
4281,42435803,42435805,FrederickDouglassBoulevard,17.372067988357053,20.43986580034852
4282,42435807,42435805,FrederickDouglassBoulevard,16.291435738498794,21.056693109919586
4283,42432929,42435805,West125thStreet,28.312534685359587,36.80073374999999
4284,42440277,42440280,FultonStreet,10.393406660850252,15.970672325774345
4285,42437693,42451695,10thAvenue,8.892976590898462,15.605531560220909
4286,42437693,42434465,West30thStreet,27.082965846487927,37.60793220242917
4287,42427216,42442400,West190thStreet,24.344750209790217,28.248945669291352
4288,42436297,42442400,OverlookTerrace,36.575683922942204,48.15449553254438
4289,42427216,42428144,West190thStreet,26.269984786324788,41.52500603174605
4290,42427216,42427212,FortWashingtonAvenue,43.830048968253955,58.35914375939849
4291,42427206,42427212,FortWashingtonAvenue,23.06973427760803,35.94529292151165
4292,42440146,42440144,MorningsideAvenue,16.755235875555545,19.528811347644613
4293,42440138,42440144,MorningsideAvenue,9.018766763754039,12.325167238493732
4294,42432929,42440144,West125thStreet,26.87484552924119,32.940332334928236
4295,42429827,42440144,West125thStreet,16.029606378979658,20.776126235694406
4296,42440146,42436739,West126thStreet,44.604923315363905,51.359905687830675
4297,42436734,42436739,West127thStreet,32.05864541003673,43.39612482065997
4298,42440144,42440146,MorningsideAvenue,16.340255047923318,20.60633302057613
4299,42436734,42440146,MorningsideAvenue,14.717121073903,15.880055251690461
4300,42432931,42440146,West126thStreet,27.15133373817033,32.869024967373555
4301,42440144,42440138,MorningsideAvenue,8.075015133819955,10.829207260380286
4302,42438923,42440138,MorningsideAvenue,14.941426884343025,20.00433777893097
4303,42429827,42440138,West125thStreet,20.712862887122423,27.37379785619175
4304,42440144,42432929,West125thStreet,28.57153486330937,35.9403219349797
4305,42435805,42432929,West125thStreet,25.87227423647933,33.96702256072876
4306,42432931,42432929,SaintNicholasAvenue,15.192633575268824,17.792754522700818
4307,42432928,42432929,SaintNicholasAvenue,15.18214969928644,18.8944914674493
4308,42440138,42439371,HancockPlace,20.15238710092843,25.489505277419372
4309,42435898,42438018,West154thStreet,18.375679549549545,30.74773
4310,42440075,42438018,BradhurstAvenue,15.035089901960776,15.755329608938556
4311,42440131,42440134,MorningsideAvenue,15.131700325056435,19.726352394170714
4312,42438923,42440134,MorningsideAvenue,16.86960552417164,18.155564760170005
4313,42440131,42429747,MorningsideAvenue,13.263816160503547,14.035727261247034
4314,42440125,42429747,MorningsideAvenue,11.55322350688468,15.731805986685703
4315,42440345,42433330,JohnStreet,14.13507879344881,17.918467068778476
4316,42440345,42429354,GoldStreet,12.796821050765518,16.158213328700487
4317,42429362,42429354,PlattStreet,17.418680235294115,23.948781057542767
4318,42440125,42440122,MorningsideAvenue,11.663554708029194,12.030891698744774
4319,42440112,42440122,MorningsideAvenue,11.434833025895704,14.743238670548275
4320,42440112,42437196,MorningsideAvenue,11.407943830227735,12.363976653225805
4321,42440108,42437196,MorningsideAvenue,12.700460164278214,16.019583369065856
4322,42437188,42437196,West116thStreet,21.326040312499988,26.878380326975485
4323,42440108,42440104,MorningsideAvenue,12.314663199300695,13.417017817589578
4324,42431210,42440104,MorningsideAvenue,10.964633432028842,13.48801541152264
4325,42440075,42440072,BradhurstAvenue,12.636367937219731,14.48733924528302
4326,42440069,42440072,BradhurstAvenue,15.035148750000007,13.401088211920529
4327,42440072,42440069,BradhurstAvenue,11.381218146067415,12.638141333333332
4328,42440065,42440069,BradhurstAvenue,10.771656714975844,13.152323958333335
4329,42435885,42440069,West151stStreet,15.095806115702477,19.491164933333334
4330,42440072,42435891,West152ndStreet,18.70427011235956,18.850410720720717
4331,42435894,42435891,FrederickDouglassBoulevard,10.983717175572524,11.85560847058824
4332,42435885,42435891,FrederickDouglassBoulevard,11.299930572519086,13.035884274193547
4333,42440069,42440065,BradhurstAvenue,12.427114683544305,19.040640945945952
4334,42434314,42440065,BradhurstAvenue,14.370349434889436,15.225401428571427
4335,42440065,42435881,West150thStreet,16.916133952095812,18.41859220472441
4336,42435885,42435881,FrederickDouglassBoulevard,10.043781500000003,12.947006990740736
4337,42435880,42435881,MacombsPlace,7.299381233243968,12.134982767653765
4338,42440065,42434314,BradhurstAvenue,10.55119089820359,12.905792857142856
4339,42439228,42434314,BradhurstAvenue,11.57031333333333,14.630839290953544
4340,42435880,42434314,West149thStreet,13.70856022857142,17.703024326241128
4341,42440059,42440056,BradhurstAvenue,14.896374333333338,17.352948671586713
4342,42434251,42440056,BradhurstAvenue,19.02976819492105,20.680850686359676
4343,42440059,42439228,BradhurstAvenue,14.77630590575916,17.66101866573034
4344,42434314,42439228,BradhurstAvenue,13.7386311328125,16.950287913043482
4345,42440056,42440059,BradhurstAvenue,14.395633656480506,15.979041437125748
4346,42439228,42440059,BradhurstAvenue,12.38182639593909,13.892807159090914
4347,42435873,42440059,West147thStreet,13.559912653061225,20.05123757861635
4348,42440056,42435869,West146thStreet,17.945395748792276,18.365680093457943
4349,42435873,42435869,FrederickDouglassBoulevard,12.385600757097787,15.057034899598394
4350,42434249,42435869,FrederickDouglassBoulevard,14.272085643835617,17.515912900302116
4351,42440056,42434251,BradhurstAvenue,16.402807910863512,16.675545491803287
4352,42440053,42434251,BradhurstAvenue,15.087493718120804,18.07588658099689
4353,42434255,42434251,West145thStreet,27.519810383561648,30.57117807624112
4354,42434249,42434251,West145thStreet,19.727250345768873,20.67748738474435
4355,42440052,42440053,BradhurstAvenue,13.07483976978417,15.905562032229176
4356,42435865,42440053,West144thStreet,20.75217165644172,21.36304087155964
4357,42440025,42440022,7thAvenue,19.922663559584265,27.25308085276608
4358,42430384,42440022,West57thStreet,73.23892364220872,91.3779004792802
4359,42428329,42440022,West57thStreet,36.16778779899057,41.9904317193808
4360,42440025,42430390,West58thStreet,54.03756959640653,73.62670032590701
4361,42430384,42430390,6thAvenue,15.969179310256655,24.632938912634987
4362,42440163,42435684,West50thStreet,73.892173528041,78.31998413541669
4363,42432589,42435684,8thAvenue,15.18622583170153,16.444254905175267
4364,42440163,42432594,9thAvenue,15.977291557741768,31.91832995241641
4365,42432589,42432594,West49thStreet,79.10524710499752,102.30708705794392
4366,42440020,42440015,7thAvenue,16.662194726364884,27.527393631484102
4367,42428315,42440015,West54thStreet,29.14714619506267,34.66571742268364
4368,42440020,42428321,West55thStreet,41.342852768405855,48.741636902432184
4369,42428328,42428321,Broadway,18.294677755797448,29.41625759436263
4370,42440015,42440012,7thAvenue,16.55510441989862,27.292523483818645
4371,42430367,42440012,West53rdStreet,86.9678938731472,116.82973625231438
4372,42440015,42430371,West54thStreet,82.40959440545102,105.00477259965807
4373,42430367,42430371,6thAvenue,13.920548674809101,21.48526368177485
4374,42440012,42440009,7thAvenue,18.467359770333594,29.74934667356897
4375,42428312,42440009,West52ndStreet,30.493609783293948,31.473405429526967
4376,42440012,42428313,West53rdStreet,32.422735254052874,38.48707224343398
4377,42428315,42428313,Broadway,17.57249110566829,28.416076622994808
4378,42440009,42440004,7thAvenue,17.96187329626605,29.706775142104537
4379,42430361,42440004,West51stStreet,75.88427236810217,102.77337200124191
4380,42440009,42430363,West52ndStreet,92.02081757575762,105.54239440289506
4381,42430361,42430363,6thAvenue,13.421782314327393,19.732682742746274
4382,42440004,42440001,7thAvenue,18.22276224770641,30.64932372895865
4383,42428308,42440001,West50thStreet,23.736535717678628,30.596264781778842
4384,42440004,42428310,West51stStreet,22.65508580363977,31.70896652001363
4385,42428312,42428310,Broadway,20.010228345083835,31.256023115539858
4386,42439996,42439994,7thAvenue,19.60494416733565,36.05088943888405
4387,42430350,42439994,West47thStreet,87.1475142216548,139.2498981245882
4388,42439996,42430352,West48thStreet,80.14270646993259,99.76843647943664
4389,42430350,42430352,6thAvenue,13.226166170868051,18.92247845120569
4390,42439994,42439990,7thAvenue,19.08509282260408,34.449007738909586
4391,42435675,42439990,West46thStreet,92.44326112709427,132.3563477755161
4392,42439994,42428303,West47thStreet,21.436393602300296,38.009401795123246
4393,42428305,42428303,Broadway,34.91290017101879,52.76030192738119
4394,42439984,42439981,7thAvenue,18.55860874352106,29.692053595490126
4395,42430338,42439981,West43rdStreet,74.97360530515613,109.03385391183694
4396,42439984,42430342,West44thStreet,98.33984326100502,140.63537524227937
4397,42430338,42430342,6thAvenue,12.621531490175824,21.124811358336206
4398,42439972,42439968,7thAvenue,16.063278182628064,22.51348867074446
4399,42435657,42439968,West40thStreet,134.52691981064106,144.06236323807275
4400,42439972,42435660,West41stStreet,73.51743602871414,121.13039637681156
4401,42435657,42435660,8thAvenue,20.203856173580853,28.913419050130404
4402,42439581,42452048,CrosbyStreet,32.607648554421765,37.742849685341525
4403,42428436,42452048,GrandStreet,31.79607887625336,42.3907314216867
4404,42439581,42428434,HowardStreet,27.414150453792647,34.86873045675414
4405,42428436,42428434,Broadway,27.035178259468694,38.981933257973296
4406,42439968,42439964,7thAvenue,16.470007294930113,21.954132477107603
4407,42428272,42439964,West39thStreet,32.09153958167109,47.61602886963517
4408,42439968,42428277,West40thStreet,34.09865008457849,41.10577212627411
4409,42428283,42428277,Broadway,22.829499626244626,29.286424809348112
4410,42439960,42439955,7thAvenue,16.239806850237382,20.197602970983613
4411,42435646,42439955,West36thStreet,74.16986964904679,98.7593732043494
4412,42439960,42435650,West37thStreet,67.53971255086407,104.32775278058651
4413,42435646,42435650,8thAvenue,17.406585360783172,30.084737659156517
4414,42439955,42439952,7thAvenue,16.76244895025553,20.07922307390554
4415,42428253,42439952,West35thStreet,58.06588863724818,95.64160526822731
4416,42439955,42428258,West36thStreet,52.355698738654795,64.59151545174205
4417,42428264,42428258,Broadway,21.439963245710352,30.74167571689977
4418,42439910,42434246,AdamClaytonPowellJr.Boulevard,15.465493407960201,20.71627883152173
4419,42439922,42434246,AdamClaytonPowellJr.Boulevard,10.93740133995038,15.574675745856345
4420,42434249,42434246,West145thStreet,46.41242258771933,58.036483023872655
4421,42432659,42434246,West145thStreet,28.534494068215533,35.957876414532464
4422,42439981,42437363,7thAvenue,19.66139633925832,29.537468367430602
4423,42435663,42437363,West42ndStreet,123.94639510676858,144.30289451313766
4424,42428287,42437363,West42ndStreet,15.019627473476787,23.39677000945273
4425,42439981,42435668,West43rdStreet,86.59697389714556,135.12527126914247
4426,42435663,42435668,8thAvenue,20.747545624863783,28.444577324775054
4427,42439952,42437654,7thAvenue,18.142118839729935,21.470399866762328
4428,42435644,42437654,West34thStreet,111.62081270712721,167.52475373616238
4429,42430304,42437654,West34thStreet,76.17825408576051,128.9281683987196
4430,42439952,42435645,West35thStreet,65.40373781371724,112.05035396189552
4431,42435644,42435645,8thAvenue,19.741356404451533,33.185994569222366
4432,42439842,42439840,7thAvenue,12.752245684959377,11.844809235151596
4433,42430274,42439840,West25thStreet,58.100742415106296,71.04790323097005
4434,42439842,42430277,West26thStreet,69.71795570754557,74.68803218703279
4435,42430274,42430277,6thAvenue,14.4426208801228,21.080304157855306
4436,42439830,42439826,7thAvenue,16.322986978366178,12.681790985965387
4437,42430255,42439826,West15thStreet,68.06367814370354,63.513582180503654
4438,42439830,42430257,West16thStreet,64.05424551151758,65.55925178908684
4439,42430255,42430257,6thAvenue,14.625711019055931,14.85676826461185
4440,42439964,42435654,West39thStreet,78.56179645770789,118.11917251870331
4441,42433620,42435654,8thAvenue,18.34815828137349,31.51358217479291
4442,42439964,42433611,7thAvenue,17.075528200323177,21.457009944773922
4443,42433620,42433611,West38thStreet,67.07703468237186,86.35421630206267
4444,42439826,42439823,7thAvenue,18.191140049197102,14.11856123980328
4445,42435596,42439823,West14thStreet,82.69374251211441,79.25979084942809
4446,42430253,42439823,West14thStreet,69.1830645692099,66.84877764073367
4447,42439826,42435598,West15thStreet,61.291734537627754,64.86360331190926
4448,42435596,42435598,8thAvenue,19.018710270505704,18.1690319212202
4449,42439506,42439514,East118thStreet,69.64274105263158,91.67382967741932
4450,42440001,42432585,7thAvenue,18.542909133600364,33.547443860931075
4451,42430356,42432585,West49thStreet,81.52646863717095,115.7120655025704
4452,42440001,42430358,West50thStreet,78.57990768597547,95.72346426461681
4453,42430356,42430358,6thAvenue,13.568918635067739,19.59713759701482
4454,42440022,42431549,7thAvenue,20.483608915120453,32.301951333244595
4455,42428328,42431549,West56thStreet,34.29871233380428,47.674494806048564
4456,42440022,42430384,West57thStreet,53.33056842400445,75.02134270579602
4457,42432818,42430384,West57thStreet,86.90643471305775,117.79709989415359
4458,42430378,42430384,6thAvenue,14.71996432437597,21.237848853769435
4459,42439432,42429231,West213thStreet,21.496338857142863,21.843115714285716
4460,42429228,42429231,Broadway,12.793525953757223,24.611342952380948
4461,42429236,42429231,Broadway,15.907982444444439,16.6268075
4462,42439203,42456543,ParkAvenueSouth,17.26740268144742,15.742204727349545
4463,42437280,42456543,ParkAvenueSouth,21.244883504154252,21.273932980688368
4464,42434358,42456543,East19thStreet,45.72213410916579,48.076492829537614
4465,42439203,42438849,East20thStreet,26.950190828574282,28.478229077035586
4466,42438173,42438849,GramercyParkWest,15.359610776127761,11.700445885643248
4467,42439922,42432665,West146thStreet,42.49695161290325,48.677785618374564
4468,42432659,42432665,EsplanadeGardensPlaza,16.07013873720137,16.02614121527778
4469,42432669,42432665,EsplanadeGardensPlaza,17.162825,53.12786666666667
4470,42439096,42459436,WashingtonStreet,12.37470934105218,12.657149039605802
4471,42436149,42459436,BethuneStreet,35.87974772851169,35.5215986848231
4472,42439096,42436152,West12thStreet,44.29404992383025,44.503110393858464
4473,42436149,42436152,GreenwichStreet,20.062176070520312,18.843465130297226
4474,42439728,42437316,EdgecombeAvenue,14.557623443708612,20.04307281879194
4475,42439730,42437316,EdgecombeAvenue,12.314018285714289,14.916972884615385
4476,42437319,42437316,West165thStreet,22.6848861904762,32.92921388888889
4477,42439718,42438255,EdgecombeAvenue,14.928736008968613,17.41663233695652
4478,42439711,42438255,EdgecombeAvenue,11.520084127516775,17.577477031539892
4479,42439840,42435629,West25thStreet,57.447295694829904,82.30092636585363
4480,42427427,42435629,8thAvenue,11.190626687794593,19.314929716499538
4481,42439840,42427426,7thAvenue,12.976744802520606,11.843551066269464
4482,42427427,42427426,West24thStreet,51.848129403176486,54.13978107042386
4483,42439836,42435618,West21stStreet,60.47865626089859,70.2722754261699
4484,42427381,42435618,8thAvenue,13.201573920746426,15.977928327165325
4485,42439836,42427374,7thAvenue,12.623360715679276,10.906744682463335
4486,42427381,42427374,West20thStreet,64.71372709488247,60.59499281523243
4487,42427335,42427337,PittStreet,13.379906893143914,13.173998155911196
4488,42432091,42427337,BroomeStreet,11.636627505438721,16.555004356136816
4489,42439834,42435610,West19thStreet,56.66789391971885,68.23127472070047
4490,42429662,42435610,8thAvenue,13.571526806944613,14.842665221632572
4491,42439834,42429661,7thAvenue,13.480336992206759,11.251505543189257
4492,42429662,42429661,West18thStreet,70.88208738234549,65.95153583790882
4493,42439823,42429375,7thAvenue,19.326793384830886,15.585860996307664
4494,42429374,42429375,West13thStreet,71.31807254558207,69.60739230273063
4495,42439990,42430347,West46thStreet,101.29813906948222,134.8658642171803
4496,42430344,42430347,6thAvenue,14.334541026960812,19.329500594221575
4497,42439990,42428297,7thAvenue,19.38981582301282,33.542487973625995
4498,42430344,42428297,West45thStreet,87.01297246480965,138.88906305280778
4499,42439409,42448254,1stAvenue,9.06830988988966,10.74548194146266
4500,42428029,42448254,East83rdStreet,58.95248027159562,57.60383608424672
4501,42439409,42428027,East82ndStreet,50.43235055751175,55.34349966070324
4502,42428024,42428027,YorkAvenue,13.71737136887522,13.152838094966755
4503,42428029,42428027,YorkAvenue,9.541344615784636,11.853448384175751
4504,42439673,42439802,EdgecombeAvenue,12.16611530839232,15.176624745011086
4505,42439673,42439711,EdgecombeAvenue,31.670313273381282,56.468744554455455
4506,42438255,42439711,EdgecombeAvenue,11.922588201058199,13.720153720930231
4507,42432992,42439711,West158thStreet,13.300505221238936,18.253214492753628
4508,42439673,42427891,SaintNicholasPlace,30.58645954285716,33.083552400000016
4509,42427888,42427891,SaintNicholasPlace,14.824687145214511,20.83699639625586
4510,42439673,42426665,HarlemRiverDriveway,78.95567863777094,95.7627755351682
4511,42439730,42432220,West167thStreet,13.133859210526312,14.29857456349207
4512,42439613,42440052,BradhurstAvenue,13.74759513513514,15.031296082051284
4513,42435863,42440052,West143rdStreet,18.92102602150537,23.617906492891002
4514,42439613,42439601,EdgecombeAvenue,12.539723595505619,13.690298837209307
4515,42435860,42439601,West141stStreet,23.157652276729568,29.390514067388715
4516,42433789,42439601,EdgecombeAvenue,12.241865124423963,15.163141504221036
4517,42432961,42439601,West141stStreet,20.26102322887743,20.743897303785783
4518,42439613,42435861,West142ndStreet,24.242366773142127,26.38256583433373
4519,42435863,42435861,FrederickDouglassBoulevard,12.681329367681506,16.033079445676282
4520,42435860,42435861,FrederickDouglassBoulevard,13.906206972010171,15.25428824290999
4521,42439580,42440815,LafayetteStreet,29.93262812510481,37.00462681774808
4522,42428433,42440815,CanalStreet,39.424540351954924,63.19092307064478
4523,42427316,42440815,CanalStreet,18.61421593493586,30.65909126681613
4524,42439580,42439581,HowardStreet,32.34053164254837,38.997464680747754
4525,42439601,42439613,EdgecombeAvenue,18.286502724784985,18.951426771159877
4526,42434255,42439613,EdgecombeAvenue,39.57835100671142,49.30527479999998
4527,42439601,42433789,EdgecombeAvenue,14.994623919308369,16.916596352941177
4528,42439599,42433789,EdgecombeAvenue,11.981295611390292,15.025190924775705
4529,42433785,42433789,West140thStreet,23.893283813084107,28.755166634349045
4530,42432960,42433789,West140thStreet,13.170360776545166,15.757259693877556
4531,42439181,42451787,1stAvenue,10.709792013810892,12.522649257851631
4532,42439181,42438463,East20thStreet,58.89333658248602,52.85766883262881
4533,42438362,42438463,StuyvesantLoopNorth,44.22481095623501,49.3270024251371
4534,42439078,42454742,West4thStreet,24.03468718106154,18.515641431055226
4535,42435578,42454742,8thAvenue,14.838439336233368,14.527494417685304
4536,42432211,42454742,JaneStreet,49.03716978179413,42.84497008326725
4537,42431503,42454742,HoratioStreet,41.37780835289605,38.00004817913593
4538,42439078,42432208,West12thStreet,52.985681749477436,48.960017148788936
4539,42432211,42432208,GreenwichAvenue,24.692451994154396,21.502474621198157
4540,42432205,42432208,GreenwichAvenue,18.249303052131673,16.789711538540455
4541,42439563,42439567,East74thStreet,43.241286430491854,57.10463809967878
4542,42438805,42439567,1stAvenue,9.342469799292386,11.191028396269655
4543,42439563,42438802,2ndAvenue,12.13392211576918,17.682413998060863
4544,42438805,42438802,East73rdStreet,50.016856634842775,55.88229590875793
4545,42439561,42439563,East74thStreet,47.70728793854546,55.293202192939845
4546,42430068,42439563,2ndAvenue,11.857603248915193,17.169910283210065
4547,42439561,42430063,3rdAvenue,9.786111394160864,11.224822994468823
4548,42430068,42430063,East75thStreet,55.66611041134503,58.03692526707942
4549,42439323,42446889,1stAvenue,11.284230497582517,11.126904123775738
4550,42439559,42439561,East74thStreet,36.35367520345129,44.63994082888665
4551,42438800,42439561,3rdAvenue,9.544702724532415,11.16087228524676
4552,42439559,42438798,LexingtonAvenue,10.109701646649134,15.954137750341197
4553,42438800,42438798,East73rdStreet,31.057654915324978,41.09018831944271
4554,42439553,42439556,East74thStreet,25.482964257293162,32.97001192423589
4555,42438791,42439556,MadisonAvenue,10.845762206844604,12.426594637004893
4556,42439553,42438788,5thAvenue,9.069374757737652,15.420005123430665
4557,42438791,42438788,East73rdStreet,32.3787753123033,35.59306578590357
4558,42439345,42445574,VarickStreet,15.861673283419506,18.364177488320735
4559,42430160,42445574,VandamStreet,41.194114911847294,48.851123888319705
4560,42439345,42436364,CharltonStreet,36.62738539448119,34.8461991985127
4561,42436359,42436364,HudsonStreet,13.291846780848992,15.503901659304422
4562,42439537,42439542,SullivanStreet,22.301038322082924,15.110949217530155
4563,42439527,42439530,SullivanStreet,41.79376273588369,37.62729838790068
4564,42436784,42439530,PrinceStreet,21.921271010120744,23.622653215556426
4565,42439527,42436779,SpringStreet,26.720374663108288,27.400678283353397
4566,42436784,42436779,ThompsonStreet,44.826840969939454,50.43215372073958
4567,42439210,42432970,West148thStreet,29.6061599703264,29.669353097014913
4568,42432967,42432970,SaintNicholasAvenue,13.424469762122605,19.46728624678664
4569,42431643,42432970,SaintNicholasAvenue,8.83688413533835,11.378870683229813
4570,42431990,42435910,HenryStreet,9.508241316539925,14.557772321428573
4571,42433537,42435910,CatherineStreet,26.809601506184425,30.242286270790785
4572,42439498,42435237,1stAvenue,7.910044473942972,11.482810558713975
4573,42435240,42435237,East119thStreet,29.93050062146894,44.13374284900285
4574,42439497,42435234,2ndAvenue,9.77935534246575,12.976507122731608
4575,42435237,42435234,East119thStreet,30.95405982528264,38.85807900952384
4576,42439490,42435231,3rdAvenue,9.407614270670567,11.965746985578434
4577,42435234,42435231,East119thStreet,23.65215849166668,25.443755777777785
4578,42439599,42435981,EdgecombeAvenue,12.207514539748955,14.772176977329964
4579,42439598,42435981,EdgecombeAvenue,11.704460083612034,13.752092318731124
4580,42432956,42435981,West138thStreet,7.5636026684636155,9.118038666666667
4581,42439599,42432957,West139thStreet,8.242474427860696,10.647136232227492
4582,42432956,42432957,SaintNicholasAvenue,14.730869003610113,15.771598073170725
4583,42432960,42432957,SaintNicholasAvenue,12.335286316316322,15.21275712195122
4584,42439598,42432956,SaintNicholasAvenue,12.931595955056178,15.673212458836439
4585,42432957,42432956,SaintNicholasAvenue,12.95815475345167,15.549904232633278
4586,42439598,42432954,SaintNicholasAvenue,12.616562838383837,15.8104023261694
4587,42439588,42432954,EdgecombeAvenue,14.800944221327963,17.522987051158307
4588,42439588,42432950,SaintNicholasAvenue,11.377136101190471,14.139463140625002
4589,42435837,42432950,West134thStreet,19.49050702412868,22.770225413711586
4590,42432949,42432950,SaintNicholasAvenue,12.745703311797753,15.693266748939445
4591,42439551,42436763,GrandStreet,19.85629780695248,23.584745239227352
4592,42432135,42436763,ThompsonStreet,35.28562934904272,38.560478241389816
4593,42439551,42430143,6thAvenue,10.217411434422132,14.467445603092349
4594,42432135,42430143,WattsStreet,21.283747747391967,31.657615546910076
4595,42439542,42436796,WashingtonSquareSouth,26.40202242172277,23.69957897118104
4596,42439620,42434255,EdgecombeAvenue,63.36560976138829,73.77304723127041
4597,42434251,42434255,West145thStreet,25.129839544615386,29.004836040114608
4598,42432963,42434255,West145thStreet,27.89784937902484,29.991521586102728
4599,42439236,42428471,AstorPlace,38.78384314970243,39.82708935114503
4600,42428473,42428471,Broadway,14.11262246580543,14.985014219238849
4601,42439443,42439440,PennPlaza,17.68371296445862,20.789640291259676
4602,42439443,42435642,West33rdStreet,89.27042584161285,136.3090904878865
4603,42435636,42435642,8thAvenue,33.985392838163,64.09155810760997
4604,42439207,42445612,BaxterStreet,27.994478553326307,40.45719146506986
4605,42435456,42445612,HesterStreet,33.804047291305835,33.11109766666667
4606,42439207,42435470,GrandStreet,24.35086148116863,28.52714882520237
4607,42435456,42435470,MulberryStreet,42.4772271851372,56.33284161642642
4608,42427411,42433718,BatteryPlace,11.313570138666663,15.896987883139383
4609,42437819,42433718,3rdPlace,31.1505146875,11.488770882352945
4610,42433715,42433718,BatteryPlace,12.099151733986131,14.496752041805514
4611,42439440,42435422,PennPlaza,13.2905256346309,16.0299977430748
4612,42430292,42435422,West31stStreet,73.38625612041018,133.00095197774286
4613,42439440,42430295,West32ndStreet,132.9820581399947,165.50764044913424
4614,42430292,42430295,6thAvenue,14.749155842396936,25.339466052658207
4615,42439216,42434343,RiversideDrive,6.118862056542811,11.010445111009377
4616,42439216,42428939,West148thStreet,14.84597030769231,19.88386602685625
4617,42439275,42439830,7thAvenue,14.364257033280914,11.599821816179515
4618,42435599,42439830,West16thStreet,76.91773067542736,74.2073801730201
4619,42439275,42435603,West17thStreet,62.917010841114475,67.21487163791743
4620,42435599,42435603,8thAvenue,14.73708770241843,15.3093121326487
4621,42439286,42439295,West17thStreet,43.141506199768685,72.4893970468612
4622,42439286,42429664,10thAvenue,11.488782659830036,12.978846096112447
4623,42439228,42435876,West148thStreet,16.684336873563208,17.841996255144025
4624,42435873,42435876,FrederickDouglassBoulevard,13.976361688453164,16.391930041067766
4625,42435880,42435876,FrederickDouglassBoulevard,12.09526893023256,14.141842808510633
4626,42427782,42427780,West192ndStreet,16.830036666666665,24.0485
4627,42429104,42427780,Broadway,8.544095963444175,9.597473923520166
4628,42429109,42427780,Broadway,6.808886832917705,7.481209826589594
4629,42439362,42435197,JumelPlace,20.608421882352946,21.69810265734265
4630,42435198,42435197,West170thStreet,9.765965909090909,9.740117647058824
4631,42432054,42429647,StantonStreet,13.658243128976288,7.918713251705239
4632,42429646,42429647,EldridgeStreet,18.949027275891346,19.52641501452504
4633,42439464,42430989,West66thStreet,63.36775318827375,76.85570749972625
4634,42438819,42430989,West66thStreet,24.54530298933999,26.35716596293511
4635,42430985,42430989,WestEndAvenue,9.858634846487698,10.476721153502892
4636,42439464,42429999,AmsterdamAvenue,8.897245932572842,10.82054772055482
4637,42439371,42432928,West124thStreet,12.02598157147174,15.424300365120267
4638,42432929,42432928,SaintNicholasAvenue,15.118431542642146,18.70051435585397
4639,42432926,42432928,SaintNicholasAvenue,16.901934477296738,22.18909829305136
4640,42438889,42446987,LexingtonAvenue,14.744138936472535,20.33060190433636
4641,42438889,42438886,East49thStreet,45.977372865180925,71.3570127287533
4642,42438971,42443061,2ndAvenue,9.08955100340549,12.912963889595243
4643,42439384,42429346,HendersonPlace,21.973633333333336,44.139789064748214
4644,42429348,42429346,East86thStreet,13.893939617575262,15.218096757475074
4645,42428037,42429346,East86thStreet,33.06209407613559,34.73857545179813
4646,42439001,42440754,East14thStreet,48.820871873823,47.162035592509795
4647,42437830,42440754,AvenueC,29.53654361377364,26.230267558379534
4648,42436957,42440754,AvenueC,14.221679716429538,11.881441433238068
4649,42439272,42430259,West17thStreet,78.28282758760744,78.6676675616047
4650,42430257,42430259,6thAvenue,13.677018996965456,14.005839231130114
4651,42439272,42429657,5thAvenue,27.703101668320688,28.57799094794021
4652,42429659,42429657,West18thStreet,84.31962641110934,82.75771871478119
4653,42438973,42438971,East101stStreet,39.971563407643316,34.3443931135531
4654,42430485,42438971,2ndAvenue,8.214082096094407,12.3318146958548
4655,42438973,42430488,1stAvenue,7.907921985705039,9.506149695578543
4656,42430485,42430488,East102ndStreet,38.18580458085022,47.82202419569469
4657,42438923,42438928,West123rdStreet,62.78476353082469,78.12670745028197
4658,42435354,42438928,AmsterdamAvenue,11.785053971295154,17.304991724880153
4659,42421852,42438928,AmsterdamAvenue,25.64585219991075,27.580232722180728
4660,42438509,42452956,1stAvenue,9.297840583490373,10.781618169550145
4661,42428024,42452956,East81stStreet,56.62131575842693,57.29899581795816
4662,42438509,42428022,East80thStreet,41.29018892773893,52.80426020931768
4663,42428020,42428022,YorkAvenue,15.556816794466078,16.09133295518973
4664,42428024,42428022,YorkAvenue,9.581615792129169,12.359137221291366
4665,42438867,42428072,RiversideDrive,12.363620044788982,16.082362371515686
4666,42422592,42428072,RiversideDrive,18.230989767597173,17.755969542127172
4667,42438836,42442604,AmsterdamAvenue,10.293139638754782,14.61921646320019
4668,42435940,42442604,AmsterdamAvenue,19.758429089574143,21.673410420258637
4669,42438836,42438839,West135thStreet,22.854885750331977,27.15385929455447
4670,42434097,42438839,ConventAvenue,26.49620664204161,31.870525431928144
4671,42427735,42438839,ConventAvenue,48.00560154440152,56.296982587064676
4672,42427649,42438839,West135thStreet,12.99510125,19.65035357142857
4673,42438836,42435997,AmsterdamAvenue,14.377984834862382,14.792352380952373
4674,42434098,42435997,AmsterdamAvenue,10.64279430822511,15.154108020422376
4675,42438953,42438949,East101stStreet,19.27891172797677,20.679427733934602
4676,42430479,42438949,LexingtonAvenue,7.316852629097442,10.87460367276709
4677,42438953,42430482,3rdAvenue,8.981551747303712,10.862087000712094
4678,42438935,42437835,West227thStreet,6.49381,33.9886
4679,42438935,42437834,VanCorlearPlace,35.71817416666667,58.436621428571435
4680,42438672,42444933,9thAvenue,24.27297006094204,25.76304192392617
4681,42438672,42435633,West28thStreet,53.44171806791624,69.41555734690533
4682,42434810,42435633,8thAvenue,13.40846224920998,23.751030871173164
4683,42438784,42440710,East14thStreet,42.269718298962104,40.58757904695217
4684,42430253,42440710,West14thStreet,87.3163541365788,83.88507769886365
4685,42438839,42434097,ConventAvenue,25.44280154440154,27.744259690721645
4686,42438246,42434097,ConventAvenue,28.260459464668102,35.009665719882456
4687,42434098,42434097,West133rdStreet,15.18269632135305,17.257041733232864
4688,42438839,42427649,West135thStreet,16.400437874251498,21.651672560553635
4689,42427735,42427649,SaintNicholasTerrace,56.061463076923076,63.026437179487154
4690,42438825,42438304,West69thStreet,11.511181072961373,12.329839554247267
4691,42437845,42438304,RiversideBoulevard,15.486593492577605,15.649642943227105
4692,42438306,42438304,RiversideBoulevard,13.034771656167983,12.693930662234724
4693,42438832,42438306,West70thStreet,17.18487570772058,18.807545761241737
4694,42438304,42438306,RiversideBoulevard,13.195772821238945,12.994941980602345
4695,42439073,42430828,7thAvenue,19.01612285934369,15.586502051469411
4696,42432205,42430828,GreenwichAvenue,32.6968042954352,25.897918928981856
4697,42432201,42430828,GreenwichAvenue,23.72308714530077,22.25161291934112
4698,42430247,42430828,West11thStreet,82.24787981962605,69.02842544595723
4699,42439073,42430249,West12thStreet,65.5501883150737,61.0778823568108
4700,42430247,42430249,6thAvenue,13.844599309895125,13.079872020475511
4701,42438702,42442128,West124thStreet,18.56412679634501,21.42715966275432
4702,42438819,42437841,FreedomPlace,23.241347616481217,21.573753271923337
4703,42437845,42437841,West68thStreet,14.625752114402445,13.982138395437266
4704,42438802,42438800,East73rdStreet,58.57082395880317,56.47583294488953
4705,42436486,42438800,3rdAvenue,11.025512690638022,13.026645919277026
4706,42438802,42436489,2ndAvenue,12.42922844232085,17.276797923302052
4707,42436492,42436489,East72ndStreet,51.38073007839841,56.24133035034517
4708,42436486,42436489,East72ndStreet,47.032315263008506,55.91954552872138
4709,42438798,42438795,East73rdStreet,28.77229778964639,35.202403345070444
4710,42436481,42438795,ParkAvenue,12.80936855086207,13.768711886852353
4711,42438798,42436484,LexingtonAvenue,10.744624860576165,16.350036965273233
4712,42436481,42436484,East72ndStreet,32.24305143242371,42.95127727767198
4713,42436486,42436484,East72ndStreet,34.91301057624774,47.30830741656361
4714,42438189,42433069,West183rdStreet,9.41915672463768,17.522426592592595
4715,42438199,42433069,West183rdStreet,18.473665,24.44941500000001
4716,42433072,42433069,SaintNicholasAvenue,14.021774576271193,15.371078000000002
4717,42433068,42433069,SaintNicholasAvenue,7.566952616632862,13.149049444444444
4718,42432077,42446245,AttorneyStreet,41.29408352941177,30.93302083333333
4719,42432077,42432078,StantonStreet,18.803908944762885,16.522085624538054
4720,42438788,42436475,5thAvenue,10.629702500121695,18.51825505083783
4721,42436477,42436475,East72ndStreet,35.15189973657662,43.81385842249735
4722,42438849,42434360,GramercyParkSouth,21.00320071583632,20.789905850145207
4723,42434358,42434360,IrvingPlace,15.162070950269241,14.898484272068501
4724,42438236,42429532,LenoxAvenue,16.19859484234982,19.394348716129034
4725,42434110,42429532,LenoxAvenue,15.451125091130006,18.97283465271173
4726,42429536,42429532,West132ndStreet,45.468053636363656,58.659192028665935
4727,42438674,42438672,West28thStreet,63.20764859780319,67.57587128925857
4728,42427817,42438672,9thAvenue,11.959082918641665,12.759896783396616
4729,42438674,42427821,10thAvenue,9.5622079971635,16.636198651120342
4730,42427817,42427821,West29thStreet,55.75846298178731,72.86519206269969
4731,42438155,42453934,ChurchStreet,18.644697212015732,29.11898907324133
4732,42428379,42453934,DeyStreet,22.4656094159954,32.059407562788294
4733,42438531,42438529,MontgomeryStreet,12.361515826616213,12.886095637254904
4734,42437505,42438529,MontgomeryStreet,9.50882144057824,9.59548091945288
4735,42438785,42431491,UnionSquareWest,18.58457455556565,15.756364661257074
4736,42438199,42429035,West183rdStreet,13.323604609929076,18.753222446808504
4737,42429044,42429035,Broadway,8.231628881987575,8.207531879432622
4738,42429032,42429035,Broadway,6.524595227242965,8.949429367088605
4739,42438271,42424235,West142ndStreet,17.932483614035085,24.89643794044665
4740,42426968,42424235,5thAvenue,9.368712649310877,12.02643843358396
4741,42438529,42436974,WaterStreet,16.302499213649853,18.035753270270266
4742,42436971,42436974,GouverneurSlipWest,6.975602828618968,6.340879198473292
4743,42437949,42456303,East8thStreet,42.95686875872109,43.4377178117791
4744,42433298,42456303,UniversityPlace,21.18362704047599,21.665849124907297
4745,42437949,42450489,5thAvenue,21.07576641102585,19.3995345138208
4746,42433298,42450489,WashingtonSquareNorth,40.29973954027837,35.93925071796635
4747,42437990,42437965,AllenStreet,29.177039045774638,35.864755862403115
4748,42438471,42438476,DoverStreet,8.5960591195146,10.290229169243453
4749,42433243,42438476,SouthStreet,8.775370753728643,11.750896543577605
4750,42438471,42433237,FrontStreet,15.657045040214484,15.77948921875
4751,42433243,42433237,PeckSlip,6.313315332675497,8.427331935260751
4752,42433205,42433237,PeckSlip,6.910383968633709,7.122126701298707
4753,42438468,42438471,DoverStreet,9.272219483140217,11.746854775780516
4754,42437996,42437992,AllenStreet,39.68360284612689,41.71449655364088
4755,42429641,42437992,HesterStreet,21.32102599430199,19.49896495016612
4756,42438684,42430603,West28thStreet,47.281273916541,45.57607593513993
4757,42427824,42430603,11thAvenue,11.18861566047254,13.22045149070226
4758,42438684,42427828,12thAvenue,10.035135787094484,15.60033167737468
4759,42427824,42427828,West29thStreet,34.9374981273655,60.0218475777865
4760,42438547,42434807,7thAvenue,12.351325638716949,11.654353921620393
4761,42430279,42434807,West27thStreet,66.27373233540077,82.9612217337918
4762,42438547,42430282,West28thStreet,80.75480612515635,91.63413269684791
4763,42430279,42430282,6thAvenue,13.766113759609222,23.446115680729772
4764,42438809,42425246,FDRDrive,18.660936924127267,28.266652283685037
4765,42438247,42434098,AmsterdamAvenue,22.567981130463878,29.76277081649148
4766,42435997,42434098,AmsterdamAvenue,14.769041473533619,15.105634028912627
4767,42434097,42434098,West133rdStreet,14.683365783410142,17.618933347639476
4768,42434101,42434098,West133rdStreet,35.00273213473683,41.64073995222929
4769,42437830,42455480,East16thStreet,86.05114499999999,88.72396749999999
4770,42437830,42437826,StuyvesantLoopEast,44.96924925373135,42.88008224761069
4771,42437379,42430673,West42ndStreet,47.46983069946408,81.28930753094191
4772,42437371,42430673,West42ndStreet,62.170711063229646,86.05542238204832
4773,42430677,42430673,11thAvenue,12.917996275707555,19.20023053996494
4774,42438275,42440381,MalcolmXBoulevard,17.61656194139195,15.5080571393643
4775,42433779,42440381,MalcolmXBoulevard,15.884533063518813,18.357915891822266
4776,42437944,42427773,WadsworthAvenue,18.729993333333336,16.302359999999993
4777,42433151,42427773,WadsworthAvenue,18.22738888888889,24.700238157894734
4778,42438255,42432994,West159thStreet,18.896759623824455,26.681878035714284
4779,42432999,42432994,SaintNicholasAvenue,8.24062042582417,10.63470995485327
4780,42432992,42432994,SaintNicholasAvenue,9.167360191387566,14.689806528000007
4781,42437801,42437928,West135thStreet,28.48119388688327,41.552434815242464
4782,42427834,42437928,5thAvenue,15.115846966463414,20.89914900605013
4783,42437801,42435993,LenoxTerracePlace,27.769910804597693,38.428266511627896
4784,42438038,42445783,BaxterStreet,24.16691049026675,24.731277286821708
4785,42425955,42445783,BaxterStreet,22.208311181447357,29.641864382215672
4786,42438038,42435448,BayardStreet,23.949042057259692,23.06933094491714
4787,42435435,42435448,MulberryStreet,51.61581021846784,63.62041212744093
4788,42438228,42439029,12thAvenue,9.116741493738816,10.2538984851695
4789,42438066,42439029,West125thStreet,22.118243576369405,23.98899244129032
4790,42425088,42439029,12thAvenue,5.189671448981395,6.595808566922041
4791,42438228,42429541,12thAvenue,7.770712741881925,10.767714152236652
4792,42424701,42429541,West132ndStreet,31.087459366812247,26.95799289795917
4793,42434105,42429541,12thAvenue,10.246643264781492,11.886725945485516
4794,42428876,42429541,West132ndStreet,26.454433061728395,35.82908550209205
4795,42437670,42455735,10thAvenue,12.775563528824367,20.325232230461907
4796,42437786,42427744,MadisonStreet,13.974074750099163,17.038205997585262
4797,42432000,42427744,MadisonStreet,27.06324477050412,47.816403645418326
4798,42427747,42427744,JacksonStreet,31.18025166666665,30.28306892972973
4799,42437786,42423295,GrandStreet,32.56551513233602,35.50454732931725
4800,42424641,42423295,FDRDrive,12.715650722500515,15.653306576730223
4801,42437916,42437917,West105thStreet,24.306196460446248,29.338377248055306
4802,42421737,42437917,ColumbusAvenue,10.061214209593114,11.525320298890012
4803,42437916,42421731,ManhattanAvenue,13.149195295625107,13.962584230126915
4804,42432737,42421731,ManhattanAvenue,10.912512562630477,13.161074504132225
4805,42421737,42421731,West106thStreet,25.328470663861626,29.65294768621479
4806,42421728,42421731,West106thStreet,22.907223610634645,24.812131586068656
4807,42438174,42438173,GramercyParkNorth,19.336218073504178,19.439821421039028
4808,42437932,42444750,HarlemRiverDrive,25.241486464315006,34.2431665467626
4809,42438034,42440804,ElizabethStreet,27.590682451923065,32.69370994932432
4810,42432246,42440804,CanalStreet,17.68275801028925,25.297581137657353
4811,42437760,42437763,MadisonStreet,27.554512176452512,26.22943909765141
4812,42437768,42437763,MadisonStreet,14.547964186657516,16.138341726973678
4813,42437490,42437763,RutgersStreet,35.145569931717304,35.76615875862068
4814,42438045,42438043,West88thStreet,48.20382860741272,54.08671648811921
4815,42421996,42438043,ColumbusAvenue,9.240985012885993,10.581496850215547
4816,42438045,42422000,AmsterdamAvenue,9.463596374027423,10.809538631547358
4817,42421996,42422000,West89thStreet,46.043603442664,54.153214728229074
4818,42437589,42432184,TheBowery,32.336971292461136,29.25914785114048
4819,42432085,42432184,BroomeStreet,26.95345566421865,29.56432998779593
4820,42438060,42436069,VestryStreet,13.8299290620071,18.052167140970628
4821,42436017,42436069,GreenwichStreet,14.16293075924468,19.610195866579453
4822,42438060,42436021,WashingtonStreet,15.332438464767616,17.127533442249252
4823,42436017,42436021,DesbrossesStreet,12.430324890562485,13.118363149734796
4824,42438043,42435312,BernieWohlWay,39.73776298019208,46.1478097893276
4825,42434156,42435312,CentralParkWest,10.701899230464509,11.462945476038346
4826,42421993,42435312,CentralParkWest,11.096148012657187,15.946899994644776
4827,42438043,42434158,ColumbusAvenue,9.268166459068288,10.61455196328143
4828,42434156,42434158,West87thStreet,41.12036451280286,52.40755704414583
4829,42437749,42444277,SaintJamesPlace,26.320052828585702,25.616438824782673
4830,42437746,42444277,PearlStreet,9.85476,21.565515
4831,42437749,42439813,SaintJamesPlace,23.10699341975405,21.268593884267627
4832,42437951,42437949,West8thStreet,45.445954441604385,43.330843814588526
4833,42421877,42437949,5thAvenue,14.664964796391716,13.752014836501887
4834,42437746,42443832,PearlStreet,25.24708956683742,31.346745944872126
4835,42438052,42431044,West88thStreet,24.88618610564011,36.784688265306116
4836,42431039,42431044,WestEndAvenue,14.664487418170712,13.649006259674392
4837,42422016,42431044,WestEndAvenue,10.912339647201943,12.349779987002487
4838,42438052,42422018,RiversideDrive,9.575569631355497,9.983711951572095
4839,42437058,42422018,RiversideDrive,10.885323542915089,11.845362073001388
4840,42422016,42422018,West89thStreet,38.79152960264903,38.59528071778142
4841,42437686,42445404,East30thStreet,53.89225398762886,60.96049651886425
4842,42436746,42445404,MadisonAvenue,15.713055921327614,21.929134885072195
4843,42437686,42427786,5thAvenue,14.479258667663471,12.726120587768117
4844,42436746,42427786,East29thStreet,55.37112816226519,65.52071600099852
4845,42437644,42430304,West34thStreet,92.55612432736952,152.0476595177454
4846,42437654,42430304,West34thStreet,115.42940549241364,149.65813219367382
4847,42430298,42430304,6thAvenue,14.484042537263615,24.833782819829676
4848,42437925,42437926,VermilyeaAvenue,9.6834053125,15.953449230769232
4849,42429226,42437926,West211thStreet,23.685002592592603,20.71227333333333
4850,42437925,42431242,VermilyeaAvenue,22.88533,34.39865555555556
4851,42437923,42431242,VermilyeaAvenue,20.576310847457627,30.140277222222217
4852,42429222,42431242,West207thStreet,18.522286899224813,26.064610377358488
4853,42427870,42431242,West207thStreet,9.092496435986156,13.948633263157895
4854,42437923,42437921,VermilyeaAvenue,31.578708157894734,32.700314285714285
4855,42432795,42437921,VermilyeaAvenue,17.873374129353227,34.56963740259739
4856,42429217,42437921,AcademyStreet,23.941604431818188,23.492727
4857,42427863,42437921,AcademyStreet,12.288289767441864,18.648630972222218
4858,42437921,42437923,VermilyeaAvenue,16.152750509554146,31.999984878048767
4859,42431242,42437923,VermilyeaAvenue,32.040363214285705,36.7291
4860,42429220,42437923,West204thStreet,19.742691869158875,25.645145599999992
4861,42427867,42437923,West204thStreet,9.473699128630699,12.672482314049578
4862,42437921,42432795,VermilyeaAvenue,30.03181724137932,43.9979
4863,42429215,42432795,DyckmanStreet,17.623588047945205,25.02331868421053
4864,42427859,42432795,DyckmanStreet,9.048621219226252,11.860856238317757
4865,42437914,42437909,West23rdStreet,60.49148284507199,63.65839087378645
4866,42435624,42437909,West23rdStreet,64.55475548022162,67.92757924123953
4867,42427477,42437909,9thAvenue,13.89446919260082,14.081386823602507
4868,42437914,42427483,10thAvenue,11.531605794940026,16.934380770918775
4869,42430594,42427483,West24thStreet,46.76007207087938,58.89789975194592
4870,42437909,42437914,West23rdStreet,51.7823886921144,66.47863966286735
4871,42434285,42437914,10thAvenue,11.508413469568666,15.41637880206834
4872,42437909,42435624,West23rdStreet,48.81912111376995,59.561686249315436
4873,42437890,42435624,West23rdStreet,61.95632883715004,76.61601944213402
4874,42434271,42435624,8thAvenue,14.39260987482385,18.588635639085464
4875,42437909,42434279,9thAvenue,14.251414756147554,14.752673111811244
4876,42434285,42434279,West22ndStreet,49.738618450732744,48.23865261485122
4877,42437371,42434439,West42ndStreet,56.340300382848405,96.70948457612069
4878,42437368,42434439,West42ndStreet,37.09415473363927,48.22129233365479
4879,42434434,42434439,DyerAvenue,19.708343799218994,26.70800849481528
4880,42437663,42444954,9thAvenue,12.095516939544439,12.936121502765124
4881,42435642,42444954,West33rdStreet,82.36874138959669,126.92043526802685
4882,42437663,42435644,West34thStreet,84.30341614273574,123.9653595383497
4883,42437654,42435644,West34thStreet,63.16656331408589,95.19525003479471
4884,42435642,42435644,8thAvenue,24.714540131763176,37.618966907765525
4885,42437663,42434427,West34thStreet,31.78382815562489,45.48715990535489
4886,42437280,42437021,ParkAvenueSouth,18.664132170437053,16.95896186774406
4887,42437018,42437021,UnionSquareEast,16.00396356303612,16.53972106243757
4888,42434355,42437021,East17thStreet,50.449734592942505,47.31202474536194
4889,42437280,42434357,East18thStreet,52.44998217818716,54.16413254410666
4890,42434358,42434357,IrvingPlace,16.314298200039566,13.428481802906447
4891,42434355,42434357,IrvingPlace,20.895227399176935,16.788402429296593
4892,42437841,42438825,FreedomPlace,12.464278693621127,12.830220170717013
4893,42437289,42455887,1stAvenue,10.871721028190306,12.188129986627636
4894,42437890,42434270,7thAvenue,14.472080980536505,12.629525098100016
4895,42434271,42434270,West22ndStreet,56.33692667424715,54.290803576146104
4896,42437890,42430271,West23rdStreet,55.8981530047809,59.29996572262667
4897,42437881,42430271,West23rdStreet,79.7579197258826,87.71956938027054
4898,42430269,42430271,6thAvenue,16.57571091183025,21.624869854655824
4899,42437618,42442843,East2ndStreet,53.29199595632987,50.58682131098698
4900,42437333,42442843,2ndAvenue,21.553630401892566,20.95857970461219
4901,42437770,42437773,MadisonStreet,16.984414500176626,18.231234621775254
4902,42437505,42437773,MontgomeryStreet,27.047719577986193,27.309454731927715
4903,42432000,42437773,MadisonStreet,11.929621852009973,13.996878998147366
4904,42437770,42437768,MadisonStreet,13.902530300796585,15.383809472770656
4905,42437763,42437768,MadisonStreet,13.995858313001053,14.026965227586208
4906,42435925,42437768,JeffersonStreet,12.217486959370904,16.504793365973075
4907,42437770,42435928,ClintonStreet,18.836072045079717,16.840278525587266
4908,42435925,42435928,HenryStreet,15.710590519918965,14.401027791181962
4909,42437763,42435923,RutgersStreet,23.11382171745152,22.41490959530027
4910,42435922,42435923,HenryStreet,24.783203399879014,23.654219843924192
4911,42437753,42431992,MadisonStreet,12.252299282514164,12.98553545093328
4912,42437124,42431992,MadisonStreet,9.298924963454397,11.329202941176472
4913,42437755,42437124,MadisonStreet,26.7316023446392,32.409944474767514
4914,42435910,42437124,CatherineStreet,24.78597432675493,25.351044501510586
4915,42431992,42437124,MadisonStreet,9.46386063173575,9.562256754632884
4916,42437654,42439443,PennPlaza,20.857000116801434,27.409957574822773
4917,42430298,42439443,West33rdStreet,88.02946848195648,122.23660593300836
4918,42430745,42430742,11thAvenue,12.794039939846867,18.895577905167784
4919,42430739,42430742,11thAvenue,14.126025967870572,13.538655376211445
4920,42430739,42430736,11thAvenue,11.370504412667087,16.170141204602768
4921,42430722,42430736,11thAvenue,16.107890905930926,13.695566505023582
4922,42424218,42430736,West54thStreet,28.66552792234614,31.91703556455972
4923,42437118,42437119,RivingtonStreet,31.509642407407412,54.60547692307691
4924,42437118,42429812,ColumbiaStreet,17.588960278102668,17.459192013895787
4925,42429814,42429812,DelanceyStreet,29.24867381784038,32.891742165787505
4926,42437358,42432436,5thAvenue,18.683890852125828,24.184799583852925
4927,42437358,42430333,West42ndStreet,85.88888335984448,146.6008871299133
4928,42430329,42430333,6thAvenue,12.92261646573145,20.96449973650096
4929,42428287,42430333,West42ndStreet,73.29880085870415,88.03502040527808
4930,42437368,42445001,9thAvenue,13.666867628359347,25.784071970032862
4931,42435660,42445001,West41stStreet,89.810765226963,122.41771639984377
4932,42437368,42435663,West42ndStreet,91.19824379783743,122.20979452882824
4933,42437363,42435663,West42ndStreet,72.94943940383313,124.28799801600654
4934,42435660,42435663,8thAvenue,23.913450778448844,30.40520330469093
4935,42437915,42427494,12thAvenue,13.096350601392704,18.085746249651987
4936,42437529,42437530,GramercyParkEast,16.863744091816358,19.370972833723656
4937,42436968,42455200,VarickStreet,17.017445371983676,17.78866707738081
4938,42436369,42455200,KingStreet,33.831125852763726,42.242756780500095
4939,42436968,42436371,WestHoustonStreet,38.60184086195508,43.903924825758345
4940,42436369,42436371,HudsonStreet,12.603191872429967,12.757238407806726
4941,42437834,42427936,JacobusPlace,21.45808142857143,32.94665
4942,42427939,42427936,West225thStreet,19.77870136363636,13.655913333333334
4943,42436922,42428016,East78thStreet,39.79212707679604,44.60805737400725
4944,42430965,42428016,East78thStreet,31.75426222595831,35.99376236969112
4945,42428020,42428016,YorkAvenue,13.213422249801823,18.412044033047216
4946,42428015,42428016,YorkAvenue,10.753262498975834,11.09253437218374
4947,42437218,42435746,West112thStreet,24.814494337682863,31.51078596561605
4948,42435743,42435746,8thAvenue,13.98790347358191,16.519665117707266
4949,42431207,42435746,8thAvenue,15.754586409279787,19.375169095588237
4950,42437188,42435763,West116thStreet,22.699285396732783,30.522675171270727
4951,42435766,42435763,8thAvenue,17.339122232432434,20.27342507405638
4952,42435761,42435763,8thAvenue,16.215626852033328,17.243830718925153
4953,42437401,42437410,AlbanyStreet,36.75417568734283,57.21313755443886
4954,42437401,42422026,SouthEndAvenue,29.30735137534681,30.73064461077843
4955,42437204,42437201,West112thStreet,72.94846601016516,81.78860255707757
4956,42435387,42437201,5thAvenue,25.260408914893613,30.625981792052997
4957,42437319,42433027,West165thStreet,22.304148,27.9620625
4958,42433030,42433027,SaintNicholasAvenue,9.345064157955868,12.379410287999995
4959,42433024,42433027,SaintNicholasAvenue,6.090554193717277,11.558954940047965
4960,42428973,42433027,West165thStreet,12.691945275707893,20.34698472766885
4961,42436929,42454538,West215thStreet,21.358782957746477,19.634782500000004
4962,42429946,42454538,SeamanAvenue,8.936134072900158,10.83839052631579
4963,42429708,42454538,SeamanAvenue,25.39015,30.47399272727273
4964,42436929,42436930,ParkTerraceWest,22.17503916666665,23.07599807106599
4965,42437461,42437463,StapleStreet,11.068141757105945,16.350085112219457
4966,42436052,42437463,HarrisonStreet,31.451083858392987,33.73854847366654
4967,42437174,42446161,East116thStreet,40.67963900760139,45.24904986129281
4968,42435388,42446161,MadisonAvenue,9.13028769723694,11.36641843659842
4969,42437174,42435387,5thAvenue,11.456408285714279,14.272372577845138
4970,42435388,42435387,East115thStreet,22.370221411617727,29.863524850313286
4971,42437451,42437445,East67thStreet,59.92816163285504,70.96296872605834
4972,42431681,42437445,2ndAvenue,12.528986866526632,23.05624073163416
4973,42437451,42431684,1stAvenue,8.963838282412254,12.190148113739848
4974,42431681,42431684,East68thStreet,44.61888157604025,61.16735520784675
4975,42437363,42439972,7thAvenue,18.48090930185401,28.340478304493733
4976,42428283,42439972,West41stStreet,20.752008140239642,29.224324412543712
4977,42437363,42428287,West42ndStreet,19.34117841836585,26.965975725837488
4978,42430333,42428287,West42ndStreet,59.49730156569293,95.13132454559765
4979,42437436,42437433,East67thStreet,40.627090135997776,47.5711675929244
4980,42431678,42437433,LexingtonAvenue,11.288058082344904,20.485618426589987
4981,42437436,42431680,3rdAvenue,9.502077169671225,11.690162283916054
4982,42431678,42431680,East68thStreet,42.895207370242225,47.87670516857271
4983,42437463,42436330,HarrisonStreet,17.329867795603086,18.33590762960744
4984,42430571,42436330,HudsonStreet,10.926959231177975,15.336901903028801
4985,42437425,42437423,East67thStreet,28.454121281173855,38.79063888329982
4986,42431671,42437423,5thAvenue,9.60716882746962,18.777914900561594
4987,42437425,42431674,MadisonAvenue,10.329971172964145,12.494304865613294
4988,42431671,42431674,East68thStreet,27.490304909769783,43.80677703581874
4989,42436903,42453457,WeehawkenStreet,10.43730609324134,12.037502694289474
4990,42437536,42432679,WilliamStreet,15.32329182963288,20.40895745229216
4991,42437536,42431868,BeaverStreet,25.582043870967752,35.81018668269229
4992,42431877,42431868,BroadStreet,27.062981994440584,33.33968869281045
4993,42436894,42452006,WashingtonStreet,19.905582182817923,22.395798563841442
4994,42436126,42452006,BarrowStreet,21.887729078426613,23.42988967167868
4995,42436894,42436129,ChristopherStreet,16.232191738885774,16.43183644067796
4996,42436126,42436129,GreenwichStreet,21.699603612502152,19.225560213726162
4997,42436393,42436129,ChristopherStreet,32.422579766908356,29.260730843361497
4998,42437142,42435364,West116thStreet,16.204432386975235,19.89468683333332
4999,42435367,42435364,MorningsideDrive,21.171397926182244,21.87650681342523
5000,42435362,42435364,MorningsideDrive,10.963534867669962,13.644793695158846
5001,42437300,42437305,West83rdStreet,49.163149101590484,56.917228347232275
5002,42433567,42437305,AmsterdamAvenue,9.205676501480252,10.11504872350264
5003,42437300,42433565,ColumbusAvenue,9.806886000368971,11.001098590903199
5004,42433567,42433565,West82ndStreet,54.71886282914155,58.819004839209995
5005,42436653,42456107,1stAvenue,8.151528276411401,10.571529548319852
5006,42436947,42436949,East13thStreet,37.774295291262156,44.467150194986104
5007,42436763,42436761,ThompsonStreet,35.12595106326424,28.187310437346444
5008,42430135,42436761,6thAvenue,7.100657587838625,10.55797784219324
5009,42436630,42456101,1stAvenue,8.469830822127943,10.801055888610518
5010,42433510,42456101,East105thStreet,20.526590252182352,24.90247399646332
5011,42436812,42449631,WadsworthAvenue,6.3094663817097425,11.627764798850572
5012,42433060,42449631,West177thStreet,13.148291774193547,21.715330210084037
5013,42436812,42446337,WadsworthAvenue,12.614591896551724,16.88727721804512
5014,42433057,42446337,West175thStreet,18.09425249999999,26.311244158415843
5015,42428998,42446337,WadsworthAvenue,6.4443504712041895,12.0689001312336
5016,42436812,42433058,West176thStreet,17.834790252525252,24.69845249999999
5017,42433060,42433058,SaintNicholasAvenue,9.249806824925814,12.632163419354839
5018,42433057,42433058,SaintNicholasAvenue,6.525631534954408,12.320580655339807
5019,42436578,42456555,ParkAvenueSouth,19.200415773162405,22.536839968767953
5020,42429888,42456555,ParkAvenueSouth,14.046334594077324,13.259509078396174
5021,42436578,42436582,East24thStreet,42.755849970947104,41.78306364157354
5022,42437058,42431057,West90thStreet,22.908343868778285,24.78037933237617
5023,42431067,42431057,WestEndAvenue,11.044286883879057,12.117176361422601
5024,42422016,42431057,WestEndAvenue,16.25361159827215,13.7443242336515
5025,42436985,42443366,ColumbusAvenue,9.483113746281335,10.907131270191373
5026,42435319,42443366,West93rdStreet,42.40449392670156,57.04564829066618
5027,42436985,42435323,West94thStreet,45.61479878000002,57.651396403965734
5028,42435328,42435323,CentralParkWest,9.173436000752439,11.550291639871386
5029,42435319,42435323,CentralParkWest,10.156096145441786,10.535895947545457
5030,42436756,42449390,East29thStreet,95.70216509057973,83.60572752547303
5031,42437124,42433302,CatherineStreet,23.02874729975593,26.486683711699158
5032,42437106,42437108,RivingtonStreet,16.571191261252036,16.31430441922354
5033,42432057,42437108,AllenStreet,41.06660186629245,39.53752404723273
5034,42437096,42437106,RivingtonStreet,26.22351737092679,25.88615906925096
5035,42437084,42437096,RivingtonStreet,31.008542496793147,30.35185710436501
5036,42432066,42437096,LudlowStreet,43.660760336994315,41.610593204515865
5037,42437084,42432068,EssexStreet,38.248014354335616,38.63041044901569
5038,42432066,42432068,StantonStreet,26.14767732099879,22.766511202430443
5039,42437074,42437078,RivingtonStreet,20.997224955521805,19.92669483107331
5040,42432073,42437078,SuffolkStreet,43.361141350782155,35.79897287718137
5041,42437074,42432075,ClintonStreet,31.806455873720452,31.201956394994912
5042,42432073,42432075,StantonStreet,27.37496176183502,24.30138179416895
5043,42437071,42437074,RivingtonStreet,22.772243339271263,19.679432383057094
5044,42437067,42429806,RidgeStreet,34.09066711932103,26.95331932820513
5045,42427345,42429806,DelanceyStreet,20.83188234720228,21.534941666194783
5046,42436939,42440721,4thAvenue,28.465201864534393,29.213340987912197
5047,42434352,42440721,East14thStreet,31.494205791054593,30.63629748746789
5048,42428493,42440721,East14thStreet,41.575934692951726,37.95326575115109
5049,42436939,42428491,East13thStreet,33.089604623272514,34.52832812738139
5050,42428493,42428491,Broadway,27.34606704682168,24.376560581685315
5051,42436624,42436627,East104thStreet,28.66794145457701,34.57429372555575
5052,42437223,42428799,West112thStreet,17.795291566265057,20.181823772893768
5053,42437021,42437018,UnionSquareEast,12.421153686897664,10.706083020310466
5054,42431452,42437018,UnionSquareEast,24.590174596910252,26.112928139159397
5055,42437021,42428170,East17thStreet,37.52597028368688,40.45321738448013
5056,42428174,42428170,Broadway,14.416842168180962,11.932129565248324
5057,42436705,42446994,LexingtonAvenue,14.901588140089956,20.777865704197573
5058,42436705,42436703,East53rdStreet,44.34611042528545,65.48547990228735
5059,42437018,42434354,East16thStreet,52.10074860166942,50.188616851922816
5060,42434355,42434354,IrvingPlace,17.306266728590845,14.12591559010921
5061,42431453,42434354,IrvingPlace,23.01662018443087,21.385594904559092
5062,42436700,42446353,5thAvenue,15.307162507038901,26.813946049153515
5063,42430363,42446353,West52ndStreet,98.13513908001795,129.64554369891908
5064,42436700,42430367,West53rdStreet,90.42233569660469,124.6612385121623
5065,42430363,42430367,6thAvenue,13.049354130392013,19.150382717089556
5066,42436806,42442728,AmsterdamAvenue,8.251546426076837,16.117325884353743
5067,42437113,42429754,ChrystieStreet,33.19760849690241,35.93067817007112
5068,42432085,42429754,ChrystieStreet,18.67407245875884,17.99769737302645
5069,42437111,42432054,ForsythStreet,33.14181604862601,21.19260024388295
5070,42436779,42432135,ThompsonStreet,47.17352442950057,54.678399068405355
5071,42432142,42432135,WattsStreet,23.537953519286322,36.757682867619174
5072,42436974,42434832,GouverneurSlipEast,12.837093046875005,11.15022825
5073,42436974,42427750,WaterStreet,38.56545952861952,44.41724420634922
5074,42427747,42427750,JacksonStreet,6.282226934052757,8.338442995780591
5075,42429647,42432057,StantonStreet,34.56372931034484,29.52387383219956
5076,42436288,42433080,West187thStreet,16.22865294642857,22.72281555555556
5077,42433097,42433080,SaintNicholasAvenue,14.77425078947368,21.79991739130435
5078,42433077,42433080,SaintNicholasAvenue,12.299523132832078,14.235524581673307
5079,42436793,42439537,West3rdStreet,22.964175594031378,21.286730902777766
5080,42437050,42431447,West90thStreet,39.5330904040404,47.25412694574765
5081,42435316,42431447,CentralParkWest,11.056095680131898,16.3139682597623
5082,42431363,42431447,CentralParkWest90thApproach,7.280747855244328,8.430252164826502
5083,42421993,42431447,CentralParkWest,10.505869127050891,10.907938559907649
5084,42437050,42421996,ColumbusAvenue,9.354989595551224,10.944113154194513
5085,42421993,42421996,West89thStreet,40.708891374307534,56.19297539490365
5086,42436930,42434372,West217thStreet,19.357104805194805,31.720123611111106
5087,42429705,42434372,ParkTerraceEast,13.455496870748306,17.04882044444445
5088,42436930,42429707,ParkTerraceWest,14.173828962962961,20.130848513513513
5089,42429708,42429707,West218thStreet,13.750807352941179,17.753261643835614
5090,42429705,42429707,West218thStreet,24.280101403508773,25.580830303030304
5091,42436556,42428045,East89thStreet,57.89253096671952,53.45981166798421
5092,42428043,42428045,YorkAvenue,20.550817722184142,18.678187433603586
5093,42428047,42428045,YorkAvenue,10.040804410540916,12.39873332358859
5094,42436544,42445738,LexingtonAvenue,10.407721581619027,12.72312362505034
5095,42436544,42436541,East89thStreet,33.380087712815104,41.38461005378976
5096,42436627,42436630,East104thStreet,40.701686438075726,46.035847165354355
5097,42434910,42436630,1stAvenue,8.114767326597821,10.323310246997062
5098,42436627,42434912,2ndAvenue,7.781667381023197,11.876499062192723
5099,42434910,42434912,East103rdStreet,36.52838552429668,37.60121576470589
5100,42434915,42434912,East103rdStreet,55.297875,10.699808
5101,42436537,42445731,5thAvenue,8.925562305103966,13.576474816694546
5102,42437005,42431094,West94thStreet,26.719218313253016,35.34154141666667
5103,42431089,42431094,WestEndAvenue,18.46077805306036,17.231571724898856
5104,42431096,42431094,WestEndAvenue,11.162819184322462,12.536414652669531
5105,42436178,42456297,EdgarStreet,7.203293906633905,10.03445050251257
5106,42422826,42456297,TrinityPlace,16.09540408887753,32.414880026300416
5107,42436159,42455357,GansevoortStreet,41.78146216287674,35.48755308872631
5108,42431154,42455357,WashingtonStreet,36.41126793277704,30.881689251559237
5109,42436856,42433282,GayStreet,9.152017920049973,10.506211827784895
5110,42430235,42433282,WaverlyPlace,24.967270082133236,21.705189074086316
5111,42436856,42433261,ChristopherStreet,24.758604372506053,22.6942938698457
5112,42433282,42433261,WaverlyPlace,20.668843645326465,18.137069549846412
5113,42433264,42433261,WaverlyPlace,24.649647428278694,8.71562304103343
5114,42436155,42454758,JaneStreet,45.48932279283642,42.77228601674993
5115,42431508,42454758,WashingtonStreet,19.535272930121078,17.704795288385046
5116,42436155,42431505,GreenwichStreet,22.10916593367763,19.45708868625844
5117,42431508,42431505,HoratioStreet,44.62919176917511,43.12308176764867
5118,42436724,42434117,5thAvenue,12.218895426561131,21.13258484141234
5119,42434122,42434117,East126thStreet,24.282467350307776,32.237285092436984
5120,42436293,42429083,West187thStreet,22.34233741433021,35.785580523560206
5121,42436296,42429083,West187thStreet,16.949203653846148,18.153436170212764
5122,42429094,42429083,Broadway,15.995345484949825,15.311752170818488
5123,42429072,42429083,Broadway,8.540086049211576,10.094276400501672
5124,42436184,42452310,CarlisleStreet,21.21260562006436,29.93188065270005
5125,42436832,42429479,HavenAvenue,22.056351361386128,36.459409069767425
5126,42427152,42429479,West173rdStreet,24.33485670702178,42.58433006993007
5127,42436619,42436624,East104thStreet,22.996630113108697,28.182147125748482
5128,42434898,42436624,3rdAvenue,8.404162696107104,10.10571351758638
5129,42436619,42434895,LexingtonAvenue,8.191779930079713,11.940617088929224
5130,42434898,42434895,East103rdStreet,18.581707174541954,21.466989583843336
5131,42435953,42445585,5thAvenue,13.64004682656826,20.022151168539327
5132,42427834,42445585,5thAvenue,13.51906355162116,17.89412820328976
5133,42435953,42424603,East138thStreet,17.491946188679247,22.22017242105264
5134,42425423,42424603,HarlemRiverDrive,8.468264428223844,15.251720995260664
5135,42436604,42436610,East104thStreet,29.04392676344086,40.35853681514478
5136,42434905,42436610,MadisonAvenue,8.710655480478406,10.628649123211275
5137,42436604,42434904,5thAvenue,7.0161623711586705,12.11054399429997
5138,42434905,42434904,East103rdStreet,20.61793885875128,29.111955170370358
5139,42436052,42453417,HarrisonStreet,24.42210217538952,30.71261675118325
5140,42436052,42436050,GreenwichStreet,21.197172024426344,23.394702641172717
5141,42436567,42436353,DominickStreet,57.274647088477394,53.29855711045368
5142,42426089,42436353,HudsonStreet,25.050728764465337,36.51557580198587
5143,42436567,42424864,VarickStreet,11.318620666583953,14.83913860501108
5144,42432127,42424864,BroomeStreet,26.839188703957767,32.618131303204215
5145,42436414,42436149,BethuneStreet,16.108261213869696,15.809432154204444
5146,42436146,42436149,GreenwichStreet,13.058591596225927,12.001010814043633
5147,42436414,42435578,AbingdonSquare,15.57517627928823,15.40623839271605
5148,42436423,42435578,West12thStreet,17.789082893486167,17.58150603790413
5149,42436001,42434110,LenoxAvenue,16.35149904452691,19.988767680921075
5150,42429532,42434110,LenoxAvenue,16.304345291894155,20.00401916871273
5151,42436316,42436313,HubertStreet,21.753094592210026,23.01711757843512
5152,42436033,42449600,WarrenStreet,41.60751123542649,50.13086219783091
5153,42431614,42449600,WestBroadway,15.03583492883816,20.086185207340645
5154,42436033,42429565,GreenwichStreet,19.60027619537037,24.200972529238282
5155,42429570,42429565,MurrayStreet,33.11796490939979,41.13224075783093
5156,42429563,42429565,MurrayStreet,34.723429560709874,38.78701346845521
5157,42436313,42440916,WashingtonStreet,15.166267585266018,14.527212153024898
5158,42436064,42440916,LaightStreet,11.871192695962007,16.029175674583126
5159,42436313,42436060,HubertStreet,16.281126915771058,16.070080758829466
5160,42436064,42436060,GreenwichStreet,15.18426591256463,18.361326264416142
5161,42436427,42436423,HudsonStreet,18.352025361225518,18.0164800131205
5162,42436152,42436423,West12thStreet,30.45713314167029,27.53712749289101
5163,42436427,42436155,JaneStreet,27.64654017679451,25.3307509387062
5164,42436152,42436155,GreenwichStreet,18.567364319320728,16.979471414452206
5165,42436305,42440083,ChittendenAvenue,30.830149842519678,52.96483444444443
5166,42436423,42436414,HudsonStreet,14.010031987195516,13.624440541292632
5167,42436411,42436414,HudsonStreet,11.976123906597815,10.378290392487061
5168,42436431,42436159,GansevoortStreet,28.36398542427675,24.73276949399715
5169,42431154,42436159,LittleWest12thStreet,44.329363714209286,42.358381904589756
5170,42431505,42436159,GreenwichStreet,21.65394226375027,19.720362315210068
5171,42436431,42431503,HudsonStreet,18.612796549966728,17.825179411018123
5172,42431505,42431503,HoratioStreet,32.025419159613946,28.58516346885248
5173,42436407,42436411,HudsonStreet,14.813715930220495,13.429198968531725
5174,42436146,42436411,BankStreet,15.845907011729539,12.179389479702447
5175,42436407,42436142,West11thStreet,21.561924722281326,19.457749052962306
5176,42436139,42436142,GreenwichStreet,14.757527182619135,13.370915293468249
5177,42436404,42436407,HudsonStreet,14.718780548692935,13.314292929061782
5178,42431814,42436407,West11thStreet,21.05491843154989,21.97847042230349
5179,42436404,42431812,PerryStreet,31.78539175246307,29.7163812400713
5180,42431814,42431812,BleeckerStreet,25.7048104472731,23.74833483210484
5181,42436400,42436404,HudsonStreet,15.122800455767061,13.549416589833074
5182,42436139,42436404,PerryStreet,22.422139778489818,19.423128128042844
5183,42436400,42436135,CharlesStreet,26.370609808138934,21.361229213441298
5184,42436134,42436135,GreenwichStreet,14.602034199344866,13.944218673151207
5185,42436396,42436400,HudsonStreet,15.52666757009944,14.29408025195365
5186,42431805,42436400,CharlesStreet,37.198625062067656,33.97951541830437
5187,42436396,42431804,West10thStreet,58.30681973280218,55.3907064917808
5188,42431805,42431804,BleeckerStreet,26.2672517323944,23.975504916294213
5189,42436393,42436396,HudsonStreet,19.103797255606924,16.015994166696164
5190,42436134,42436396,West10thStreet,30.518819228596286,29.365046729169105
5191,42436390,42436393,HudsonStreet,8.03843372237255,8.73014376254759
5192,42436390,42431536,GroveStreet,34.34923772254335,29.4826179639402
5193,42431273,42431536,BedfordStreet,20.900451227237326,19.09828491586205
5194,42436384,42436390,HudsonStreet,12.459657299941465,11.944133399713394
5195,42436384,42436126,BarrowStreet,25.31596602467042,25.622286163647342
5196,42436122,42436126,GreenwichStreet,13.169018122065728,11.568022085345412
5197,42436381,42436384,HudsonStreet,9.42344266306354,10.264717157800773
5198,42431275,42436384,BarrowStreet,21.9967805609912,21.550244185920967
5199,42436381,42430770,MortonStreet,69.2538891152446,67.63310207848355
5200,42431519,42430770,BedfordStreet,27.36275160259155,26.505823973505674
5201,42430796,42430770,7thAvenueSouth,17.840290362552828,20.016862768364913
5202,42436377,42436381,HudsonStreet,14.753365511961718,11.751327016075956
5203,42436122,42436381,MortonStreet,33.629767447949106,35.48035612642776
5204,42436377,42436119,LeroyStreet,24.65694194514809,28.154163942665853
5205,42436115,42436119,GreenwichStreet,12.427645960293475,13.503687237190276
5206,42436374,42430761,ClarksonStreet,47.64006088123815,47.25215198386614
5207,42430770,42430761,7thAvenueSouth,19.428070767966886,21.297559330306466
5208,42431519,42430761,CarmineStreet,32.68128500868556,21.657548046272492
5209,42436371,42436374,HudsonStreet,14.378163601433403,13.930036958860375
5210,42436115,42436374,ClarksonStreet,37.16950592909755,37.67280733918128
5211,42436371,42436109,WestHoustonStreet,28.780443869338487,35.59239196702696
5212,42436100,42436109,GreenwichStreet,13.241320304493428,13.617397524241145
5213,42436364,42436369,HudsonStreet,14.553214195949959,15.624060770582842
5214,42436100,42436369,KingStreet,21.103830321763372,27.089825387640452
5215,42436364,42436097,CharltonStreet,21.37147436104432,22.374521541874667
5216,42436093,42436097,GreenwichStreet,11.425117678800065,14.225944246437123
5217,42436056,42436055,GreenwichStreet,19.562113848368934,22.148475031780716
5218,42436340,42436014,HudsonStreet,12.03153758123734,18.056935139214332
5219,42436336,42436056,NorthMooreStreet,39.27875549460379,49.1988645988797
5220,42434871,42436056,GreenwichStreet,14.391914693010884,20.061573181158646
5221,42436336,42424610,HudsonStreet,19.968070995745986,29.10403295339179
5222,42436024,42445174,WestStreet,7.830067724244658,10.810793819272682
5223,42436021,42436024,DesbrossesStreet,10.91815140862944,10.038983828553992
5224,42435881,42439927,West150thStreet,42.30213967741934,53.38620366972478
5225,42435881,42435880,FrederickDouglassBoulevard,6.512901384928718,6.990900495495494
5226,42435876,42435880,FrederickDouglassBoulevard,13.210958822023047,18.437524905027946
5227,42436088,42442288,SpringStreet,20.764718297246173,23.93015340551181
5228,42436088,42436093,GreenwichStreet,16.12479046098883,19.862803567518984
5229,42436073,42436017,GreenwichStreet,13.796386102246306,20.573077754983093
5230,42436014,42436017,DesbrossesStreet,16.039517007299274,19.210298767840143
5231,42436192,42436184,GreenwichStreet,14.145808100356893,21.371421889200924
5232,42435518,42456066,1stAvenue,9.263273015353812,11.15910769326108
5233,42428034,42456066,East85thStreet,56.92312470588234,57.74141534132616
5234,42435518,42428032,East84thStreet,47.69889810055867,56.18944193820815
5235,42428034,42428032,YorkAvenue,9.444909198492104,12.240433377042836
5236,42428029,42428032,YorkAvenue,11.71885310428457,12.57154792805378
5237,42435755,42448506,West114thStreet,45.38375674186778,51.298033921430225
5238,42433173,42448506,AdamClaytonPowellJr.Boulevard,13.882824210084028,14.101768616109693
5239,42435755,42435761,8thAvenue,14.540265786516846,15.542399813910398
5240,42435763,42435761,8thAvenue,19.055586865864154,19.74361526815032
5241,42433173,42435761,West115thStreet,47.44864816239314,47.743523894862605
5242,42435755,42431207,8thAvenue,15.098944023121396,17.388764819084198
5243,42435746,42431207,8thAvenue,14.427355842386625,15.883455020741508
5244,42435940,42442609,AmsterdamAvenue,9.62162325189155,13.272892504051876
5245,42433797,42442609,AmsterdamAvenue,13.90530651422763,15.323579322638142
5246,42435775,42429741,8thAvenue,16.333761189333337,17.629954167705733
5247,42432905,42429741,8thAvenue,17.2268712622827,17.479483422712935
5248,42429744,42429741,West120thStreet,22.52067532066507,28.959781579943236
5249,42436003,42435837,West134thStreet,43.968152559055106,49.98574360770579
5250,42435844,42435837,FrederickDouglassBoulevard,13.129943935742974,18.796177654155493
5251,42434113,42435837,FrederickDouglassBoulevard,13.920837549430788,15.782457200431814
5252,42432950,42435837,West134thStreet,23.49498712230216,23.781722387596897
5253,42436097,42436100,GreenwichStreet,14.643373342035005,15.757497710162632
5254,42436050,42437461,JayStreet,22.040799864642178,22.387760304716853
5255,42430521,42437461,StapleStreet,15.721163755274253,21.789186302250805
5256,42436050,42430519,GreenwichStreet,16.719312848235585,19.54765041018037
5257,42435981,42439599,EdgecombeAvenue,11.89362932827736,13.67025007450331
5258,42435858,42439599,West139thStreet,19.36749139335477,23.26702954367667
5259,42433789,42439599,EdgecombeAvenue,11.588015304878047,14.831582155172415
5260,42435981,42439598,EdgecombeAvenue,11.779246692606998,13.303816879699244
5261,42435852,42439598,West137thStreet,21.856410195195203,26.83290608695653
5262,42432956,42439598,SaintNicholasAvenue,10.279128064046576,13.18384819148936
5263,42432954,42439598,EdgecombeAvenue,12.9852095229273,15.802593779005532
5264,42435981,42435856,West138thStreet,23.48072157407406,24.49414200000001
5265,42435858,42435856,FrederickDouglassBoulevard,14.77909467353952,15.837633567467652
5266,42435852,42435856,FrederickDouglassBoulevard,13.648148814589664,15.085234253061225
5267,42436069,42436340,VestryStreet,33.65301583237215,38.718352760192474
5268,42424408,42436340,HudsonStreet,10.833133992987136,17.914168812510248
5269,42436069,42436064,GreenwichStreet,15.585083433816635,19.701637591432718
5270,42424408,42436064,LaightStreet,19.232710366428474,25.88330352800956
5271,42435550,42435553,DelanceyStreet,14.569028102824047,13.972658727615462
5272,42425100,42435553,BaruchPlace,22.94140444444444,34.380668421052626
5273,42435550,42429814,LewisStreet,8.792550427061316,16.114936260053607
5274,42425100,42429814,DelanceyStreet,11.800487500000004,11.214066075340188
5275,42435522,42451766,EastEndAvenue,23.075297285259808,22.004248626172036
5276,42429348,42451766,EastEndAvenue,11.359242585508847,15.064691304457149
5277,42435894,42435898,FrederickDouglassBoulevard,11.430265551330805,12.616990884520886
5278,42435865,42439910,West144thStreet,42.2439461414791,55.92684860139861
5279,42434246,42439910,AdamClaytonPowellJr.Boulevard,15.885602890855449,18.985665105386428
5280,42435865,42435863,FrederickDouglassBoulevard,11.980408488063665,15.162410890207722
5281,42435861,42435863,FrederickDouglassBoulevard,13.998408692893404,15.769242810155788
5282,42435865,42434249,FrederickDouglassBoulevard,13.131638828571429,16.099650680061814
5283,42435869,42434249,FrederickDouglassBoulevard,13.527841312849159,17.28043083636363
5284,42434251,42434249,West145thStreet,24.289217986406122,28.96689699280577
5285,42434246,42434249,West145thStreet,37.87382611895161,50.787819474299056
5286,42435869,42439922,West146thStreet,46.581716498316496,51.62576655052265
5287,42434246,42439922,AdamClaytonPowellJr.Boulevard,11.201574466666665,13.633054763897187
5288,42435869,42435873,FrederickDouglassBoulevard,15.157549267068276,17.612877643622195
5289,42435876,42435873,FrederickDouglassBoulevard,12.22605453125,15.429871707317078
5290,42435863,42435865,FrederickDouglassBoulevard,13.606656058394165,16.241098510638288
5291,42434249,42435865,FrederickDouglassBoulevard,14.153197486486494,18.663203259109316
5292,42435876,42439225,West148thStreet,47.711231721854325,46.70199384057971
5293,42435860,42433785,FrederickDouglassBoulevard,13.086566633165829,16.379284645669287
5294,42435858,42433785,FrederickDouglassBoulevard,13.626070805951647,15.847637440288413
5295,42433789,42433785,West140thStreet,25.129117053749127,31.77935848275862
5296,42433781,42433785,West140thStreet,46.74962301790279,52.43405813449022
5297,42435850,42435852,FrederickDouglassBoulevard,14.925299332929056,16.13141496986742
5298,42435856,42435852,FrederickDouglassBoulevard,14.223682517605633,13.868962620967743
5299,42435844,42439588,West135thStreet,20.90741035007611,28.398643858921165
5300,42432954,42439588,SaintNicholasAvenue,11.623695893108303,14.214472265758095
5301,42432950,42439588,SaintNicholasAvenue,13.809790559914413,17.14504850293984
5302,42435844,42435850,FrederickDouglassBoulevard,16.07485190354027,17.195121922651936
5303,42435852,42435850,FrederickDouglassBoulevard,13.372985305410126,15.195618017241394
5304,42432954,42435850,West136thStreet,23.68666103202845,24.43376953020135
5305,42435910,42431990,HenryStreet,12.586616508304367,15.007290304548961
5306,42431992,42431990,OliverStreet,16.31223025623349,19.86020153801396
5307,42435861,42438281,West142ndStreet,43.59283756613757,50.75888813990461
5308,42435861,42435860,FrederickDouglassBoulevard,13.806654191033141,17.050280504032262
5309,42433785,42435860,FrederickDouglassBoulevard,14.3049409959623,15.008756509283812
5310,42435805,42435807,FrederickDouglassBoulevard,17.05458475031211,18.286557882623715
5311,42435810,42435807,FrederickDouglassBoulevard,14.031340051177075,17.245131818988472
5312,42435805,42435803,FrederickDouglassBoulevard,17.329217842484752,21.333665547945206
5313,42435802,42435803,FrederickDouglassBoulevard,16.374806902612836,19.32048667664032
5314,42432928,42435803,West124thStreet,25.98202197526846,31.317767263306656
5315,42435803,42435802,FrederickDouglassBoulevard,16.227926775800693,22.460882819843334
5316,42432917,42435802,FrederickDouglassBoulevard,18.062925881627613,18.48923193656093
5317,42435923,42435925,HenryStreet,14.890364977471128,14.326754488729662
5318,42433550,42435925,JeffersonStreet,16.23432894575229,16.176118204010468
5319,42435650,42443965,West37thStreet,73.34458191402483,102.95935207530384
5320,42433625,42443965,9thAvenue,12.015027511676335,17.04232685666374
5321,42435650,42433620,8thAvenue,17.948760136682246,30.231532563082908
5322,42433625,42433620,West38thStreet,70.68277471577541,97.65033625466576
5323,42435610,42444916,West19thStreet,62.062608637517,60.56885139615788
5324,42427386,42444916,9thAvenue,13.309099794325116,11.606429861587456
5325,42435610,42427381,8thAvenue,13.706086480696335,16.26823654021236
5326,42427386,42427381,West20thStreet,49.84493945026468,58.08787929459526
5327,42436037,42431617,GreenwichStreet,20.468963403038714,24.28511307569721
5328,42431614,42431617,ChambersStreet,41.032285609297574,51.24810032187765
5329,42435710,42431556,8thAvenue,16.651485877032155,18.24754046172852
5330,42435618,42443674,West21stStreet,56.53793215196878,59.758225015630245
5331,42434279,42443674,9thAvenue,12.925950984343956,12.047441580810425
5332,42435618,42434271,8thAvenue,14.01645951816542,16.880121871610086
5333,42434279,42434271,West22ndStreet,43.78646213129685,52.027744126692454
5334,42435856,42435967,West138thStreet,46.610005685618745,48.00618807843136
5335,42435856,42435858,FrederickDouglassBoulevard,13.997424625668447,15.15592671839343
5336,42433785,42435858,FrederickDouglassBoulevard,13.287089437299027,16.60197454365079
5337,42435837,42434113,FrederickDouglassBoulevard,13.048040811485643,16.424193068592054
5338,42429538,42434113,FrederickDouglassBoulevard,14.540391435185185,15.704367740436174
5339,42435567,42444016,MarbleHillAvenue,6.7270828771929825,6.81695962686567
5340,42435567,42431724,West228thStreet,31.580280416666678,54.365227346938774
5341,42435825,42435820,FrederickDouglassBoulevard,23.76949323555553,31.270822724224647
5342,42435814,42435820,FrederickDouglassBoulevard,12.849946813800099,15.411716569321527
5343,42432936,42435820,West129thStreet,18.16432766981944,20.35273127710844
5344,42435825,42429538,FrederickDouglassBoulevard,16.210913553822152,18.27347693196405
5345,42434113,42429538,FrederickDouglassBoulevard,13.995585581098346,17.299638975501118
5346,42435820,42435825,FrederickDouglassBoulevard,28.403081620271227,32.61846122605364
5347,42429538,42435825,FrederickDouglassBoulevard,11.483141036789293,14.423365909694546
5348,42435820,42435814,FrederickDouglassBoulevard,11.370263001364258,15.029528327316491
5349,42435810,42435814,FrederickDouglassBoulevard,14.758240819672134,15.887117949241555
5350,42432933,42435814,West128thStreet,19.89344528368793,24.231726959921808
5351,42435820,42432936,West129thStreet,14.952316639610395,17.8872996073903
5352,42432933,42432936,SaintNicholasAvenue,12.975267717536811,16.974806924381152
5353,42432949,42432936,SaintNicholasAvenue,40.950220444915274,53.10948143712575
5354,42435814,42435810,FrederickDouglassBoulevard,14.160679229946526,16.200161787148595
5355,42435807,42435810,FrederickDouglassBoulevard,14.48734866049383,16.968205416792966
5356,42435814,42432933,West128thStreet,20.205938586326766,25.178995555555566
5357,42432936,42432933,SaintNicholasAvenue,12.397906890198973,14.876081880920164
5358,42432932,42432933,SaintNicholasAvenue,12.708302270642214,15.488831531018803
5359,42427523,42432933,West128thStreet,21.55946640705881,26.567882580433373
5360,42435810,42432932,West127thStreet,22.35686697075209,31.731590134529167
5361,42432931,42432932,SaintNicholasAvenue,13.456610299966297,16.179487467811157
5362,42432933,42432932,SaintNicholasAvenue,13.752320735080064,16.02562534519573
5363,42435675,42435677,8thAvenue,16.055722861450374,17.31397837953823
5364,42428303,42435677,West47thStreet,71.78721389866524,106.22304427122893
5365,42435763,42435766,8thAvenue,16.85339914007231,17.545799043385113
5366,42435770,42435766,8thAvenue,16.226695654970765,18.782122932454687
5367,42432894,42435766,West117thStreet,38.3677355635708,40.431474116047134
5368,42435807,42432931,West126thStreet,25.176133975032858,31.453013596784988
5369,42432929,42432931,SaintNicholasAvenue,15.158530248193534,18.063351734074818
5370,42432932,42432931,SaintNicholasAvenue,13.608059674418604,16.181520818553885
5371,42435671,42439984,West44thStreet,95.83768933474786,130.1837491839631
5372,42428297,42439984,7thAvenue,19.9317378966242,33.20360856559473
5373,42435671,42432700,8thAvenue,16.43770982024776,19.944727580172717
5374,42428297,42432700,West45thStreet,90.70163290288336,134.76316844291722
5375,42435802,42432926,West123rdStreet,17.523131980886205,21.327801430225815
5376,42432917,42432926,SaintNicholasAvenue,18.75052905695611,22.70281143532445
5377,42432928,42432926,SaintNicholasAvenue,20.76932393179539,21.648356774530267
5378,42435746,42437211,West112thStreet,49.856924977876126,58.04504069640912
5379,42435746,42435743,8thAvenue,15.90422801650164,18.981318318014697
5380,42433756,42435743,8thAvenue,9.764760434610304,11.210574707219457
5381,42435770,42435775,8thAvenue,15.706690356430721,16.54931000445964
5382,42432900,42435775,West119thStreet,20.878985130353822,22.187376626054373
5383,42429741,42435775,8thAvenue,16.438189156028372,16.706134800569792
5384,42435770,42432897,West118thStreet,28.039769496124034,31.587363743248854
5385,42432900,42432897,SaintNicholasAvenue,18.668398899858953,21.313936207366982
5386,42432894,42432897,SaintNicholasAvenue,18.008843075201444,22.078517321678316
5387,42435395,42447196,LexingtonAvenue,22.601917064876968,28.25632787244899
5388,42435395,42435392,East115thStreet,34.520845931758544,38.35844512277161
5389,42435632,42439842,West26thStreet,52.31127559747944,57.749078326465934
5390,42434807,42439842,7thAvenue,12.803382475731329,12.205107137817519
5391,42435632,42434810,8thAvenue,11.290428547907092,21.354547947267058
5392,42434807,42434810,West27thStreet,53.545264409021314,82.89082600455794
5393,42435359,42431186,MorningsideDrive,41.95187010362692,46.21003610541726
5394,42435360,42431186,MorningsideDrive,12.996599731824007,13.981701490455224
5395,42428447,42448552,WestHoustonStreet,21.074884800309796,24.429872193292102
5396,42435633,42438547,West28thStreet,56.712828879699224,63.35922984135549
5397,42427805,42438547,7thAvenue,12.615388579462568,12.533944324820053
5398,42435633,42427812,8thAvenue,13.916656261190546,24.859815463604555
5399,42427805,42427812,West29thStreet,76.49939119557789,120.01818370844354
5400,42435603,42439280,West17thStreet,81.38262367871191,75.09295228408807
5401,42429663,42439280,9thAvenue,16.34539632710912,13.313942620258064
5402,42435603,42429662,8thAvenue,14.096788528130432,15.268470149719946
5403,42429663,42429662,West18thStreet,52.590004841463426,58.882783255962885
5404,42435707,42435710,8thAvenue,15.184998151686266,17.139727242668574
5405,42428321,42435710,West55thStreet,58.25720629113996,70.4291378938753
5406,42435707,42428315,West54thStreet,47.0806454339195,70.19292186387662
5407,42428321,42428315,Broadway,19.315872424332238,29.90443712770104
5408,42435705,42435707,8thAvenue,14.918427714090033,16.999826112442406
5409,42435702,42435705,8thAvenue,14.584519894584995,16.50932775807981
5410,42428313,42435705,West53rdStreet,66.96330857951331,79.03094250798331
5411,42435702,42428312,West52ndStreet,63.03417858660507,75.3179992058909
5412,42428313,42428312,Broadway,19.92483538254015,30.77314623644559
5413,42435624,42437890,West23rdStreet,55.81900728685356,53.24139983235932
5414,42430271,42437890,West23rdStreet,69.87176424206761,85.69382034966459
5415,42427426,42437890,7thAvenue,13.352133748692104,12.0550082086164
5416,42435624,42427427,8thAvenue,13.001657638714464,19.659625948843953
5417,42427477,42427427,West24thStreet,53.51150431295294,58.347399893030214
5418,42435684,42435687,8thAvenue,14.564621178358905,15.116414935892587
5419,42428310,42435687,West51stStreet,56.218042145570756,79.21880725216229
5420,42435684,42428308,West50thStreet,61.07951901730242,83.64855443311858
5421,42428310,42428308,Broadway,20.60238821621945,33.52241509455702
5422,42435635,42435636,8thAvenue,14.818655886847367,28.513076660054512
5423,42435422,42435636,West31stStreet,94.42961755883968,142.227964466307
5424,42435635,42435420,West30thStreet,66.8403588973333,82.66163640850941
5425,42435422,42435420,PennPlaza,14.101817233473813,15.972768387663471
5426,42435451,42435456,MulberryStreet,42.391379265255274,51.87128135070282
5427,42432250,42435456,HesterStreet,28.460480330769247,35.224435341386524
5428,42435380,42442580,West121stStreet,14.658955451713386,22.396631496062998
5429,42435354,42442580,AmsterdamAvenue,15.576866048338358,18.17652375849057
5430,42429714,42442580,AmsterdamAvenue,11.504002281789136,14.970005685156375
5431,42435380,42429712,MorningsideDrive,10.988656264454509,11.775574878112035
5432,42435372,42429712,MorningsideDrive,8.465946330005874,10.846355827439888
5433,42429714,42429712,West120thStreet,19.815230133196717,20.468482515779986
5434,42435680,42432589,8thAvenue,14.538991008233154,15.363850382960212
5435,42428307,42432589,West49thStreet,62.16418186086082,92.49496080258557
5436,42435680,42428305,West48thStreet,62.04054416268258,84.91354392667327
5437,42428307,42428305,Broadway,24.30051823977261,41.77208603034165
5438,42435354,42435380,MorningsideDrive,24.865442152317886,26.118362717143558
5439,42429712,42435380,MorningsideDrive,9.55168514890282,12.62801209085252
5440,42435310,42434156,CentralParkWest,12.312717555410245,13.285011283241316
5441,42435312,42434156,CentralParkWest,12.961295742119091,18.896694848115988
5442,42435310,42424851,CentralParkWest,13.48935523791924,17.36944051378063
5443,42421800,42424851,CentralParkWest,11.753311453023493,12.559421598726358
5444,42435904,42424583,FrederickDouglassBoulevard,8.290110083565455,11.224197694369977
5445,42435541,42435544,DelanceyStreet,16.07975195555556,15.01244361285267
5446,42429812,42435544,ColumbiaStreet,14.057753094462536,13.999575873949585
5447,42435541,42429811,SheriffStreet,22.31750481012659,13.522697777777774
5448,42429812,42429811,DelanceyStreet,12.529670682286111,11.522403424498696
5449,42435538,42435541,DelanceyStreet,16.761824083526676,16.662693363095244
5450,42435538,42432089,BialystokerPlace,11.339120758177927,11.49905464039161
5451,42431611,42445356,ChurchStreet,13.327878764364051,17.479895900073963
5452,42428402,42445356,ReadeStreet,35.435624911473454,44.76032926385446
5453,42431602,42443588,ElkStreet,8.942313536701624,11.71730533914729
5454,42427278,42443588,ReadeStreet,12.509704314685314,19.418308371414682
5455,42435211,42443817,MadisonAvenue,9.159614738173868,11.40957012876775
5456,42429552,42443817,East120thStreet,32.065414311878584,35.91648217568946
5457,42435211,42435207,East119thStreet,24.173824646718174,29.488374827586185
5458,42429552,42435207,5thAvenue,10.272951163136373,12.791698292340119
5459,42435472,42435477,MulberryStreet,40.02660324638647,39.70425244574971
5460,42432305,42435477,PrinceStreet,23.136491078402265,24.71421634763816
5461,42435472,42432302,SpringStreet,31.24657898846497,27.13070999999998
5462,42432305,42432302,MottStreet,64.90026687925786,72.02574139899463
5463,42435002,42449801,HavenAvenue,20.345672601351346,22.21149538461539
5464,42435448,42432244,BayardStreet,29.86877188122096,28.04505353083852
5465,42432246,42432244,MottStreet,60.112992492211866,55.81481532634033
5466,42433644,42423885,10thAvenue,11.277117731259628,16.642328456494738
5467,42435534,42427340,DelanceyStreet,26.460709427207647,24.76170700204813
5468,42427337,42427340,PittStreet,8.752057033979044,7.941284344847014
5469,42435337,42421728,CentralParkWest,12.56969372299342,12.770909629310946
5470,42432736,42421728,CentralParkWest,11.49756326210826,14.509633312720853
5471,42421731,42421728,West106thStreet,23.45752073914384,28.619993102157625
5472,42435264,42424427,CentralParkWest,13.070321884859164,14.561904110386156
5473,42435265,42424427,CentralParkWest,14.048431225138321,19.23490509622629
5474,42435470,42432282,GrandStreet,28.67506124275558,32.80373103337827
5475,42432178,42432282,MottStreet,37.88485023728817,58.34411265097235
5476,42435470,42432174,MulberryStreet,55.588961726128026,52.586802403922576
5477,42432178,42432174,BroomeStreet,25.75219412506783,33.589262942688634
5478,42435308,42437300,West83rdStreet,44.33510784248842,53.126961707317115
5479,42421803,42437300,ColumbusAvenue,9.996763859120751,11.24334382259139
5480,42435308,42421800,CentralParkWest,11.178344420899956,11.69038167889107
5481,42424851,42421800,CentralParkWest,11.057321908920072,12.808682037429387
5482,42421803,42421800,West84thStreet,41.291106608187114,47.112906287202385
5483,42435367,42435372,MorningsideDrive,10.204020155189133,12.315516577689252
5484,42429712,42435372,MorningsideDrive,9.928230347011848,10.124226243781095
5485,42435230,42439489,LexingtonAvenue,9.173184476273773,11.477981913285596
5486,42435230,42435222,East119thStreet,27.199679469879502,32.65646204669646
5487,42435341,42432736,CentralParkWest,12.052060205655536,14.660102293233075
5488,42421728,42432736,CentralParkWest,13.75093449132304,13.845302379705512
5489,42435336,42435337,CentralParkWest,11.917936656192715,12.639022085500883
5490,42421728,42435337,CentralParkWest,10.990929803312627,14.018605158079627
5491,42435323,42435328,CentralParkWest,10.833145404210534,11.970952634122849
5492,42424439,42435328,CentralParkWest,11.7575016311777,14.650547240311846
5493,42435323,42435319,CentralParkWest,11.15956801613668,15.561695466055049
5494,42435317,42435319,CentralParkWest,10.47581295393785,10.997601654603224
5495,42435317,42435316,CentralParkWest,12.191180761366699,19.29268408031495
5496,42431447,42435316,CentralParkWest,10.319273212143996,11.084606205919576
5497,42435301,42435295,CentralParkWest,11.154585809025676,15.138801983078634
5498,42435283,42435295,CentralParkWest,11.745482656879053,11.838734526718984
5499,42435283,42432556,CentralParkWest,12.168547843295649,18.532336970331272
5500,42435312,42421993,CentralParkWest,10.808573679073444,11.61049335917128
5501,42431447,42421993,CentralParkWest,13.120964752551375,18.793180813520685
5502,42435269,42435272,CentralParkWest,11.990167465815652,12.984886254077885
5503,42435269,42435266,CentralParkWest,12.811981527085454,18.397010183832016
5504,42435265,42435266,CentralParkWest,12.447666213933624,13.53025878758961
5505,42435420,42430288,West30thStreet,93.65152268784313,122.91759934387116
5506,42427797,42430288,6thAvenue,13.619789309500508,25.72862199218529
5507,42435420,42427805,7thAvenue,12.486381104517314,12.862453700540428
5508,42427797,42427805,West29thStreet,69.88112794003115,100.0126791774794
5509,42434965,42434962,East35thStreet,50.396055691239106,58.11814255381667
5510,42434389,42456110,1stAvenue,8.284262927505866,10.587999842220675
5511,42426805,42456110,East111thStreet,15.29552826086956,15.748203535353534
5512,42434389,42426804,East110thStreet,24.904017172897174,31.38886699266505
5513,42434946,42430308,West35thStreet,87.64944595966925,151.81582602616155
5514,42430304,42430308,6thAvenue,14.888507223062579,26.09237117785615
5515,42434827,42438684,12thAvenue,10.34286979444397,16.174449996376982
5516,42434821,42438674,10thAvenue,9.95764959631618,16.604661941900268
5517,42430603,42438674,West28thStreet,49.22952404096565,65.08691003005265
5518,42434821,42430600,West27thStreet,50.65633305987743,56.226712954576655
5519,42430603,42430600,11thAvenue,10.947160312561005,13.076010021729818
5520,42434912,42434915,East103rdStreet,16.143589484536072,26.54731857142857
5521,42434912,42430485,2ndAvenue,8.569157875272927,12.221921947667795
5522,42430482,42430485,East102ndStreet,36.59615489059969,45.32996391003461
5523,42434904,42434905,East103rdStreet,40.33966081560283,43.37132928571428
5524,42430474,42434905,MadisonAvenue,8.809898948343353,10.86636658398701
5525,42434904,42425127,5thAvenue,7.2463325919522195,13.751448135199562
5526,42430474,42425127,East102ndStreet,25.10256358681023,36.06104895245036
5527,42434832,42436971,FrontStreet,4.124827963712992,5.054485738487278
5528,42434895,42430479,LexingtonAvenue,8.150522196382425,12.069531150121973
5529,42430482,42430479,East102ndStreet,22.15929542459736,27.3656291462218
5530,42434354,42431453,IrvingPlace,24.2521437041972,18.62370553365887
5531,42434352,42431453,IrvingPlace,24.781823073970166,21.591011080449714
5532,42431459,42431453,East15thStreet,35.62558261282364,34.58621391063097
5533,42434722,42434670,MargaretCorbinDrive,11.862346499999996,24.463582073170727
5534,42434259,42432963,West145thStreet,36.77001312910284,40.11940838709679
5535,42434255,42432963,West145thStreet,24.58991931058496,29.78407234591193
5536,42432961,42432963,SaintNicholasAvenue,61.01904161931826,81.29808406998157
5537,42432966,42432963,SaintNicholasAvenue,14.426354119127526,18.960147360097327
5538,42434837,42430126,WestBroadway,14.553470899797926,17.86234101786927
5539,42430122,42430126,6thAvenue,11.605269268952966,17.782631974265712
5540,42434670,42434611,MargaretCorbinDrive,10.38069358024691,17.63132246376811
5541,42434800,42429874,5thAvenue,14.37838672347478,13.218564588715589
5542,42428216,42429874,West26thStreet,25.367843451495773,27.310396068203982
5543,42434800,42428220,West27thStreet,33.39237192082393,37.63609336496665
5544,42428223,42428220,Broadway,26.149538031623106,28.743203811475414
5545,42434131,42450089,3rdAvenue,10.58968322023984,19.46598458791207
5546,42434148,42449023,AvenueA,21.71941612162706,18.48277801523604
5547,42430914,42449023,AvenueA,19.587813307863385,17.373909140680553
5548,42434611,42434589,MargaretCorbinDrive,16.940174520547945,26.43859151515152
5549,42434140,42434196,CooperSquare,22.56036837980927,21.111537097085048
5550,42434197,42434196,East7thStreet,18.414748142830017,15.996589539354833
5551,42434346,42427764,GrandArmyPlaza,20.2426882875831,34.048381497365035
5552,42430390,42427764,West58thStreet,50.999905141650245,76.71987603966026
5553,42434122,42446177,MadisonAvenue,12.013858950133073,17.836800704742817
5554,42434197,42443799,TarasShevchenkoPlace,15.311701898305076,14.495939267605625
5555,42434169,42444495,LexingtonAvenue,10.03873459808483,12.68148209150918
5556,42434169,42434168,East95thStreet,35.94120735564852,41.35152221096802
5557,42434165,42444485,5thAvenue,9.437770629755468,14.839457970904476
5558,42434201,42434197,East7thStreet,42.01705034581109,37.49007042726228
5559,42434413,42436192,GreenwichStreet,13.359535677848632,16.74258348130841
5560,42434360,42437529,GramercyParkSouth,20.91481399480097,21.203688824633673
5561,42434270,42439836,7thAvenue,13.259685854139658,11.6389514770912
5562,42430265,42439836,West21stStreet,71.25495237757279,79.04193993965771
5563,42434270,42430269,West22ndStreet,52.94564401650135,55.55983699547618
5564,42430265,42430269,6thAvenue,15.968630132400241,19.51393736408657
5565,42434418,42434420,CedarStreet,23.144402898992986,31.31989333055093
5566,42429840,42434420,WilliamStreet,8.095593507072099,8.907333435114499
5567,42434418,42429842,PearlStreet,11.374170012080205,14.513191460946974
5568,42429844,42429842,PineStreet,16.973421561859887,27.65300594732805
5569,42434285,42422258,West22ndStreet,42.30454119865887,53.722466322705316
5570,42434161,42438052,RiversideDrive,11.388540773213663,12.629710469459862
5571,42422018,42438052,RiversideDrive,10.352612922344447,11.358353706318713
5572,42434372,42434370,ParkTerraceEast,27.30460390243903,34.35972328358207
5573,42433547,42433549,EastBroadway,11.874329744510973,16.32121374421092
5574,42433550,42433549,EastBroadway,10.321691870572476,8.656308743486973
5575,42433542,42433539,EastBroadway,10.443254444444454,10.435276399090018
5576,42433537,42433539,EastBroadway,61.6704532407407,66.13436066843899
5577,42433587,42456205,West4thStreet,25.04404148215093,25.02069890860271
5578,42434105,42439054,12thAvenue,46.66318728971961,69.81481125000002
5579,42434105,42428880,West133rdStreet,27.42906138099467,35.72610661267933
5580,42434101,42428880,West133rdStreet,12.603524501845026,14.417370793650795
5581,42428876,42428880,Broadway,9.422937715437412,14.289651096552804
5582,42434105,42424679,West133rdStreet,6.315145368683899,7.87074902533532
5583,42434101,42438224,OldBroadway,22.322691060606054,33.982478378378374
5584,42428873,42438224,West131stStreet,13.036237360248446,15.587882902033266
5585,42433821,42446902,West4thStreet,23.850114957912076,17.362310189908495
5586,42431789,42446902,JonesStreet,49.586852374904744,41.31753251049929
5587,42434410,42428374,CedarStreet,19.071460420305673,23.93529054223534
5588,42422042,42428374,Broadway,10.20853373320953,16.769315757991496
5589,42434410,42422050,NassauStreet,15.707221270358307,21.67770054770318
5590,42422042,42422050,LibertyStreet,25.060263783544013,36.49454346662967
5591,42434205,42434201,East7thStreet,74.10341043147835,65.17092775862076
5592,42434142,42434201,2ndAvenue,16.86643450494532,15.377530846196212
5593,42434205,42434145,1stAvenue,11.374256212947481,10.255087021692852
5594,42434142,42434145,SaintMarksPlace,62.16200648597509,49.934130147526176
5595,42433834,42426747,NewYorkPlaza,12.188589732090858,19.103959764882433
5596,42433539,42453691,MarketStreet,9.806255581591724,12.087474464831805
5597,42429636,42453691,DivisionStreet,14.696241542008195,11.921478011782035
5598,42433539,42433537,EastBroadway,40.245327758887186,41.738621262989604
5599,42434113,42432949,West133rdStreet,16.775814730215828,23.375756286266927
5600,42432950,42432949,SaintNicholasAvenue,9.691236187919467,13.022233468286107
5601,42432936,42432949,SaintNicholasAvenue,47.492383724383686,56.769308819875775
5602,42433404,42433408,FDRDrive,5.8468851608751615,7.863694459970364
5603,42430009,42430007,ParkPlace,22.52645145159083,28.503074556712107
5604,42429563,42430007,WestBroadway,13.856157421737098,18.002274462757242
5605,42434268,42428198,East22ndStreet,16.566898628798608,16.92953710297012
5606,42428201,42428198,Broadway,16.688201400507676,15.097405904485266
5607,42433811,42441951,RiversideDrive,6.939980530961053,10.54534573510459
5608,42433811,42428917,West140thStreet,30.794066451612917,37.027938921095036
5609,42433513,42433510,FDRDrive,9.60070099913868,9.76586031446541
5610,42434420,42422053,WilliamStreet,9.070090580336812,10.49321311317764
5611,42422050,42422053,LibertyStreet,28.540732986091424,38.773437990522744
5612,42422056,42422053,MaidenLane,24.51135962864723,28.68389726228209
5613,42433789,42432960,West140thStreet,13.399008952380953,14.764735294117644
5614,42432961,42432960,SaintNicholasAvenue,15.84862557908968,19.189999408713685
5615,42432957,42432960,SaintNicholasAvenue,14.85621721958925,18.521232882653067
5616,42433346,42451932,AudubonAvenue,11.20015846153846,21.777425555555553
5617,42433151,42451932,FortGeorgeAvenue,20.55585913043478,23.773529411764716
5618,42433881,42433886,EastDrive,15.370717160555673,18.7991532653492
5619,42433269,42433264,WaverlyPlace,28.12107788062108,14.577352248971883
5620,42430811,42433264,West10thStreet,31.96182664914364,26.902746896673122
5621,42433785,42433781,West140thStreet,44.68068169014081,54.017121342925684
5622,42433577,42442273,SpringStreet,28.544401438294575,33.1548978984346
5623,42432152,42442273,GreeneStreet,46.47282701166618,67.47406511537788
5624,42433577,42432148,WoosterStreet,40.88791189178891,53.6078558992645
5625,42432152,42432148,BroomeStreet,20.26957953223284,29.129242339219818
5626,42433569,42441587,RiversideDrive,8.851076563614747,11.374212644862896
5627,42431024,42441587,West81stStreet,19.847220923648308,24.788362827201
5628,42421778,42441587,RiversideDrive,8.822650081371847,9.652311652818096
5629,42433569,42437312,RiversideDrive,12.44681824749108,13.06001068388582
5630,42431030,42437312,West83rdStreet,28.022652910758982,31.50249031260176
5631,42421820,42437312,RiversideDrive,9.323856339409918,11.551992169680108
5632,42433569,42431027,West82ndStreet,15.49285741860466,18.312792582706773
5633,42431024,42431027,WestEndAvenue,12.703351562066727,12.965349781910298
5634,42431030,42431027,WestEndAvenue,11.519531416595065,14.399796723467936
5635,42433611,42439960,7thAvenue,16.637568197553758,21.29007872445418
5636,42428264,42439960,West37thStreet,45.57045161896345,67.08398297809791
5637,42433611,42428268,West38thStreet,35.31621431626764,45.358910197057384
5638,42428272,42428268,Broadway,20.269328220827465,25.465029599541307
5639,42433292,42449582,MercerStreet,18.648789474863385,20.824570626969837
5640,42428464,42449582,WashingtonPlace,18.05378474356466,15.68639989567077
5641,42433292,42428468,WaverlyPlace,23.64938278734757,23.67358728025011
5642,42428471,42428468,Broadway,14.013168889400534,14.49842048945182
5643,42433573,42440829,CanalStreet,24.406366467120193,41.19911067348056
5644,42430126,42440829,WestBroadway,24.310186694119604,35.43483480219461
5645,42430135,42440829,CanalStreet,17.618060445548135,25.678550373333305
5646,42433165,42431201,SaintNicholasAvenue,15.32446768369489,19.089276391650106
5647,42433163,42431201,SaintNicholasAvenue,15.148873877349155,18.434769061400075
5648,42431200,42431201,West113thStreet,22.033229947916652,23.086831103965697
5649,42433549,42433550,EastBroadway,8.023060150407067,10.569320211720225
5650,42433551,42433550,EastBroadway,25.975095319073723,21.37528076315788
5651,42433151,42427769,SaintNicholasAvenue,12.049929883720935,14.772631609195402
5652,42427773,42427769,West192ndStreet,22.168008461538463,23.04729090909091
5653,42433030,42455234,West166thStreet,7.981262100840339,10.668119393939396
5654,42433027,42455234,AudubonAvenue,6.015299496402878,13.342258387096775
5655,42432226,42455234,AudubonAvenue,9.958235072463767,12.510029666666664
5656,42433030,42432228,SaintNicholasAvenue,4.980565855361594,8.92760657545605
5657,42432226,42432228,West167thStreet,13.003757608695652,16.797051000000003
5658,42428978,42432228,SaintNicholasAvenue,8.863691282051281,12.34659941763727
5659,42433030,42428975,West166thStreet,9.995045804597703,11.458380080321286
5660,42428973,42428975,Broadway,6.481733953617551,11.23476092643052
5661,42433564,42435308,CentralParkWest,12.571289186167718,13.552087829661597
5662,42421800,42435308,CentralParkWest,11.30346638393917,16.34102576242675
5663,42432867,42456041,1stAvenue,10.428348394078684,15.996550837926039
5664,42423565,42456041,East58thStreet,61.52209959919837,55.39584556594394
5665,42432867,42423564,East57thStreet,54.76523933649292,75.82568895333145
5666,42432861,42423564,East57thStreet,27.307643864610117,37.49779475166874
5667,42433252,42442549,AmsterdamAvenue,9.559578337779428,11.460112007199454
5668,42433256,42441889,RiversideDrive,10.731073397226117,11.814921246114721
5669,42431106,42441889,West99thStreet,33.347605417028646,38.242188131502296
5670,42433057,42433046,SaintNicholasAvenue,10.766418461538468,13.567511544715453
5671,42429466,42433046,SaintNicholasAvenue,6.217880665701883,12.630175723830732
5672,42428998,42433046,West174thStreet,22.148156296296314,25.616234516129023
5673,42432999,42433011,SaintNicholasAvenue,7.6187477715877465,11.470749435336973
5674,42433205,42438468,WaterStreet,12.234661561403506,14.380341601642707
5675,42433526,42427012,FDRDrive,42.97528304347826,102.2470548780488
5676,42432905,42429735,SaintNicholasAvenue,19.893302479815453,22.4208265267728
5677,42432900,42429735,SaintNicholasAvenue,17.337160068846813,22.573197410169488
5678,42429741,42429735,West120thStreet,12.229286247666463,13.832795111237886
5679,42433490,42427024,FDRDrive,6.462073643321348,8.540167002704523
5680,42432985,42432990,SaintNicholasAvenue,20.97239162772585,30.008147097378284
5681,42432992,42432990,SaintNicholasAvenue,10.131973557046974,13.583200716723548
5682,42433278,42433275,WaverlyPlace,21.121824809245354,18.556293138658628
5683,42430828,42433275,West11thStreet,20.91950388773264,17.046487092738538
5684,42433278,42432205,BankStreet,19.03376094287041,13.41517273762094
5685,42432208,42432205,GreenwichAvenue,24.79995151589744,19.984670303343663
5686,42430828,42432205,GreenwichAvenue,23.694858407302647,20.37509322214911
5687,42433272,42433269,WaverlyPlace,10.321544394415712,8.86458439256689
5688,42432199,42433269,CharlesStreet,38.139389387205384,31.996242960972854
5689,42433272,42432201,PerryStreet,23.71743692018171,20.916082398052357
5690,42432199,42432201,GreenwichAvenue,21.635485763048397,19.53442182698961
5691,42430828,42432201,GreenwichAvenue,23.529871221993783,18.62851211351468
5692,42433264,42432194,West10thStreet,44.663612024533,40.16018129903663
5693,42432199,42432194,GreenwichAvenue,23.946470685791628,20.337666792962466
5694,42421882,42432194,GreenwichAvenue,27.221713509528012,22.87327985809457
5695,42432825,42445947,MadisonAvenue,12.777003673273153,21.579256267478815
5696,42427762,42445947,East58thStreet,43.391289898921826,66.26053247966621
5697,42432825,42432834,East57thStreet,36.486337605167506,60.480693300159935
5698,42432847,42432834,East57thStreet,49.542469450857865,61.719292313582535
5699,42432825,42432818,East57thStreet,50.393990762234594,73.85447461663651
5700,42430384,42432818,West57thStreet,64.53509095802804,102.22544765330223
5701,42427762,42432818,5thAvenue,16.600982287585136,27.674889832233532
5702,42433350,42429109,West193rdStreet,15.2043376,15.669886818181816
5703,42427780,42429109,Broadway,3.2313343738317752,3.5908835198261784
5704,42421783,42429109,Broadway,10.085973291139233,12.360734438202245
5705,42433261,42430805,GroveStreet,36.374214493668205,33.54610549002166
5706,42430811,42430805,7thAvenueSouth,18.776018663363594,16.773419731129014
5707,42432847,42443614,LexingtonAvenue,15.378707923115382,22.687477382685184
5708,42432974,42432975,SaintNicholasAvenue,10.833317512690352,17.86909873485867
5709,42427883,42432975,West151stStreet,7.7742638317756985,10.603468809523807
5710,42432974,42431643,SaintNicholasAvenue,10.27048036684783,14.882822093663915
5711,42432970,42431643,SaintNicholasAvenue,15.386088097014921,16.753268081300828
5712,42432974,42427883,SaintNicholasPlace,13.367764867424238,15.669522337434096
5713,42427888,42427883,SaintNicholasPlace,13.997773989361704,14.084819120879116
5714,42433377,42427026,FDRDrive,13.446721081081085,18.56420478571429
5715,42432983,42432980,SaintNicholasAvenue,10.293776588103256,12.089692814070348
5716,42427891,42432980,West153rdStreet,14.689233692307694,16.723058308457706
5717,42432917,42439858,West122ndStreet,50.81584645161293,62.61719104674124
5718,42432917,42432905,SaintNicholasAvenue,17.926322765113973,20.345447025401075
5719,42429741,42432905,8thAvenue,16.409297523531315,16.568120847703756
5720,42429735,42432905,SaintNicholasAvenue,17.902533954571933,21.92534908843537
5721,42432928,42438920,ManhattanAvenue,12.509704091829837,14.4494942326139
5722,42432926,42438920,West123rdStreet,13.237835413354533,15.307817740948515
5723,42432897,42439851,West118thStreet,21.1276577062147,26.707247499999987
5724,42432897,42432900,SaintNicholasAvenue,17.027943654297786,19.89292584815322
5725,42429735,42432900,SaintNicholasAvenue,18.531562839352432,21.8962034064516
5726,42432897,42432894,SaintNicholasAvenue,17.07301338202247,19.744158441396504
5727,42432722,42445046,9thAvenue,10.77581,15.825925999999995
5728,42432693,42443556,5thAvenue,16.979369004163242,24.861135975989967
5729,42430342,42443556,West44thStreet,89.66093528361054,116.3715813546706
5730,42432693,42430344,West45thStreet,85.60600850062148,144.4859727510447
5731,42430342,42430344,6thAvenue,14.911103666537759,20.667461984663998
5732,42432970,42432967,SaintNicholasAvenue,10.238256683544304,13.096351977528093
5733,42432966,42432967,SaintNicholasAvenue,15.780178466057446,22.317561210762356
5734,42432932,42427519,West127thStreet,13.823659847161572,16.887859867330015
5735,42427523,42427519,SaintNicholasTerrace,17.043154678899082,15.72061145038168
5736,42432580,42443528,5thAvenue,16.85088955279984,27.03546128859696
5737,42430352,42443528,West48thStreet,89.83166408173561,123.18767226641636
5738,42432580,42430356,West49thStreet,89.49385119795002,141.34229894481606
5739,42430352,42430356,6thAvenue,13.114133973911741,18.631991413994488
5740,42432659,42434243,West145thStreet,34.28555530120483,56.03579416282646
5741,42432444,42446949,LexingtonAvenue,14.833952339563757,19.668422868800647
5742,42432436,42446488,5thAvenue,16.46638194240068,20.579009045146336
5743,42430324,42446488,West40thStreet,76.01825251526434,88.93807129113735
5744,42432598,42440170,10thAvenue,10.103661760973006,12.787888871033035
5745,42430704,42440170,West50thStreet,58.552679900904764,58.23557248232139
5746,42432598,42430698,West49thStreet,60.78565234605416,81.84304396256559
5747,42430694,42430698,11thAvenue,13.744206607609648,14.224007971797562
5748,42430704,42430698,11thAvenue,10.949220560601377,17.659838637956103
5749,42432818,42431544,5thAvenue,16.719305839494222,29.788306154577608
5750,42430378,42431544,West56thStreet,70.45368884805913,116.51840835991995
5751,42432585,42439996,7thAvenue,18.420840640448773,33.323977711029784
5752,42428305,42439996,West48thStreet,18.277138439811583,30.348908185994286
5753,42432585,42428307,West49thStreet,23.027929793094835,33.12013177066692
5754,42428308,42428307,Broadway,20.678285987838823,35.51997091439459
5755,42432805,42431666,DyckmanStreet,16.71042357142857,16.916159772727276
5756,42432464,42432540,East41stStreet,39.38679280044472,37.488203768723814
5757,42432665,42432669,EsplanadeGardensPlaza,18.517956038461534,18.472334820717133
5758,42431804,42457728,West10thStreet,44.46685748895204,42.152751391855006
5759,42430805,42457728,West4thStreet,29.389057908824764,23.41720048085229
5760,42431804,42431802,BleeckerStreet,28.51013122796299,24.13549200270881
5761,42430805,42431802,ChristopherStreet,42.41655736548871,35.18661249064068
5762,42432302,42442230,SpringStreet,28.1275290084896,24.271669994538513
5763,42430030,42442230,ElizabethStreet,28.97049784788411,23.983702096659567
5764,42432302,42430034,MottStreet,34.84743337394349,40.47839729678397
5765,42430030,42430034,KenmareStreet,26.20705513905353,27.410034880595088
5766,42430038,42430034,KenmareStreet,23.851181628273306,23.56999100114632
5767,42432679,42429840,WilliamStreet,32.79360173873698,39.85748361078279
5768,42429842,42429840,PineStreet,33.01384738256575,45.28320598137747
5769,42428052,42451231,FDRDrive,25.00464801445188,30.42102179383511
5770,42428052,42428049,YorkAvenue,10.616624606489037,13.76134953984057
5771,42428047,42428049,YorkAvenue,17.617829939797204,19.325365418814425
5772,42432161,42442255,CrosbyStreet,52.81305864858953,60.899532173821996
5773,42428441,42442255,SpringStreet,40.212759904618565,52.19431812243372
5774,42432161,42428438,BroomeStreet,24.39380411581867,32.041622737139136
5775,42428441,42428438,Broadway,36.52653152918968,52.923715514602954
5776,42431684,42455695,1stAvenue,9.117962316678296,11.864707720844805
5777,42427996,42455695,East69thStreet,57.5410076804024,69.0642062100457
5778,42431684,42427991,East68thStreet,38.50522914179472,68.96065734946876
5779,42427996,42427991,YorkAvenue,9.782115536478447,19.417104948869106
5780,42427985,42427991,YorkAvenue,11.429292354018779,15.904581465590265
5781,42432244,42438034,BayardStreet,23.338570759631022,22.88304064660979
5782,42432208,42439073,West12thStreet,38.71097057843997,36.921981940672396
5783,42429375,42439073,7thAvenue,18.136472664219774,14.999639541170366
5784,42432208,42432211,GreenwichAvenue,16.640663826246637,15.990326305051804
5785,42429378,42432211,GreenwichAvenue,25.22215876526659,22.176227752733627
5786,42431661,42427972,East64thStreet,37.887531262369635,53.16463326750447
5787,42427970,42427972,YorkAvenue,9.958096109065764,15.734036501498721
5788,42427975,42427972,YorkAvenue,13.322757542003277,22.121346490259008
5789,42432171,42439207,CentreMarketPlace,34.53420080160322,41.63413212121214
5790,42427324,42439207,GrandStreet,15.334142303876993,19.164145216921693
5791,42432171,42432165,BroomeStreet,15.779741038812015,21.86649900859754
5792,42430044,42432165,LafayetteStreet,23.153183887206264,29.051338790245453
5793,42432127,42439527,SullivanStreet,37.898495997139705,33.31967786452353
5794,42430154,42439527,SpringStreet,21.33071818601565,21.13266592652097
5795,42432352,42432395,5thAvenue,6.5358182470423625,8.302768635671782
5796,42432135,42432127,BroomeStreet,22.91959044145874,29.95771401943463
5797,42430143,42432127,6thAvenue,8.55444285696715,11.697448791114624
5798,42431889,42431877,BroadStreet,11.416417950112775,18.030077870138527
5799,42428524,42431877,StoneStreet,25.067231801629127,30.247949692451076
5800,42431789,42429701,BleeckerStreet,17.909790605388434,13.972829100727227
5801,42430770,42429701,LeroyStreet,49.40169828125002,41.18429122207621
5802,42432241,42432238,MottStreet,19.123451724543852,20.147117879069786
5803,42432078,42437067,RidgeStreet,37.07686380355519,33.62618537242913
5804,42427346,42437067,RivingtonStreet,17.84734724804032,18.60252276434002
5805,42432078,42427352,StantonStreet,18.31063686779059,16.44945809777778
5806,42427346,42427352,PittStreet,17.197882696002203,14.980534602214576
5807,42432201,42432199,GreenwichAvenue,23.84599252867013,19.942716039894396
5808,42432194,42432199,GreenwichAvenue,25.75282897203947,22.822892041491823
5809,42432194,42430241,West10thStreet,35.344701096511116,29.154002438898626
5810,42421882,42430241,6thAvenue,12.893990066024172,12.63683995524886
5811,42432194,42421882,GreenwichAvenue,23.649729939880558,22.08955850326264
5812,42430237,42421882,6thAvenue,9.554010136724964,9.222764189512686
5813,42421877,42421882,West9thStreet,96.01352675001301,85.94794702993313
5814,42432181,42432178,BroomeStreet,23.869554424293238,28.801738924672517
5815,42430034,42432178,MottStreet,29.540663235043482,38.9904889928201
5816,42432181,42430030,ElizabethStreet,25.63505359577745,25.59363575146389
5817,42430034,42430030,KenmareStreet,23.72736781960289,23.699414464251113
5818,42432174,42432171,BroomeStreet,17.90738501716923,25.855157645284233
5819,42427324,42432171,CentreStreet,45.85246536263176,48.5204739264301
5820,42432174,42430038,MulberryStreet,26.48954309667674,24.310393470113844
5821,42430044,42430038,KenmareStreet,26.921353051679425,26.26596824576477
5822,42430034,42430038,KenmareStreet,27.911489371200613,30.030075919191923
5823,42431724,42445578,AdrianAvenue,15.9968064,25.85539606060607
5824,42431724,42431729,TerraceViewAvenue,68.78121499999997,72.71468461538461
5825,42431490,42449333,5thAvenue,19.172602566255296,23.2091157996426
5826,42430257,42449333,West16thStreet,71.21194143527836,64.09423038348085
5827,42431490,42430255,West15thStreet,77.0221593487896,73.9035318240178
5828,42430253,42430255,6thAvenue,15.432779355558793,16.299103708661008
5829,42431729,42439164,TeunissenPlace,49.51897666666667,17.32945
5830,42431234,42429222,West207thStreet,16.265832307692314,25.32931846153845
5831,42431242,42429222,West207thStreet,9.501571438356166,15.012233636363645
5832,42429226,42429222,Broadway,22.582066438356172,27.28397236842105
5833,42429220,42429222,Broadway,14.75436039859319,18.789348398876395
5834,42431793,42433821,BarrowStreet,62.42217862011983,46.83268593226509
5835,42430805,42433821,SheridanSquare,29.60259274774108,23.234045462793773
5836,42431793,42431789,BleeckerStreet,29.787460156347443,23.345894577562667
5837,42430770,42431789,MortonStreet,41.3783759570568,32.711249697309434
5838,42431793,42431273,BarrowStreet,29.238689941411447,22.62134185652754
5839,42430770,42431273,BedfordStreet,21.576621590551184,20.007070259887016
5840,42430796,42431273,CommerceStreet,18.529418514163535,15.219123739933211
5841,42431793,42430796,7thAvenueSouth,9.901988932417675,10.616173570088424
5842,42431549,42440020,7thAvenue,16.712669439513572,27.953932041989642
5843,42430375,42440020,West55thStreet,84.55054821989916,105.8952709691806
5844,42431549,42430378,West56thStreet,64.24401290115304,98.402987492108
5845,42430375,42430378,6thAvenue,14.42762718473047,22.449477825404898
5846,42431797,42431793,BleeckerStreet,31.04762511318125,28.209579463228714
5847,42430803,42431793,7thAvenueSouth,25.727083291510787,24.36615832068871
5848,42431797,42430803,GroveStreet,16.40399245256301,16.783599981024658
5849,42430805,42430803,GroveStreet,10.295583710413547,9.507960805482453
5850,42431773,42431519,CarmineStreet,68.74034466981135,36.44172698841699
5851,42431517,42431519,BedfordStreet,17.806877736716913,19.07909423332034
5852,42430761,42431519,CarmineStreet,32.40407997685185,29.615219002457994
5853,42431773,42430187,BleeckerStreet,28.92011393078063,23.98700281928442
5854,42431868,42428529,BeaverStreet,37.112237168378726,66.02745907578559
5855,42428365,42428529,Broadway,21.891214447393814,30.246797629902773
5856,42431617,42436033,GreenwichStreet,20.674904247256954,24.23946131773515
5857,42431252,42427870,West207thStreet,9.814811678082194,14.418945963302752
5858,42431242,42427870,West207thStreet,17.787955166666666,26.37524347826086
5859,42427873,42427870,ShermanAvenue,25.289691666666666,30.0020125
5860,42427867,42427870,ShermanAvenue,18.18678225225225,31.797163770491807
5861,42431470,42431467,East15thStreet,34.085293738346245,31.188053079694782
5862,42430981,42454120,West62ndStreet,29.580361090909104,46.8617607792208
5863,42430981,42421985,WestEndAvenue,11.563102869928832,15.045619220763689
5864,42431517,42436968,DowningStreet,29.505457948030163,30.443466221510658
5865,42430761,42436968,VarickStreet,13.640300472618964,14.528412060646675
5866,42431556,42435714,8thAvenue,18.31368443098588,20.82130037661066
5867,42428329,42435714,West57thStreet,28.492045005218593,35.13873100499662
5868,42431556,42428328,West56thStreet,33.93757523018981,45.85403986526286
5869,42428329,42428328,Broadway,20.611172579559103,31.57036203085464
5870,42430973,42452936,FDRDrive,23.06161246496273,24.93644356929215
5871,42431659,42429981,2ndAvenue,16.075351127938582,27.698544441226982
5872,42431654,42431656,East64thStreet,41.361741640771655,53.10166678376449
5873,42429980,42431656,3rdAvenue,10.33583290527486,14.039799778254313
5874,42431654,42429976,LexingtonAvenue,12.605874171380613,23.718550006046186
5875,42429980,42429976,East63rdStreet,40.9214781907199,59.0656769653346
5876,42431649,42431650,East64thStreet,28.054282623742033,33.52682733673566
5877,42429971,42431650,MadisonAvenue,10.332705716471423,13.789186071024414
5878,42431649,42429970,5thAvenue,10.70605435788964,22.840792126197506
5879,42429971,42429970,East63rdStreet,41.98186794482575,56.82527372833779
5880,42430861,42455026,UniversityPlace,22.731498705456588,21.161308581643173
5881,42428483,42455026,East11thStreet,38.45064783709198,39.132885669508816
5882,42430861,42428480,East10thStreet,67.64945712369061,63.471164177704885
5883,42428483,42428480,Broadway,21.95901170895514,20.16855772222856
5884,42431165,42445534,LafayetteStreet,16.28769007747714,16.288126386139325
5885,42428460,42445534,East4thStreet,37.537476946859314,36.440881122493
5886,42431165,42428458,GreatJonesStreet,41.20782774702667,40.60284010009767
5887,42428460,42428458,Broadway,17.59482213822604,18.290175331847767
5888,42430770,42456464,LeroyStreet,17.52354619522066,17.412684625692982
5889,42431447,42431363,CentralParkWest90thApproach,9.868529156441724,13.768090463917535
5890,42424456,42431363,WestDrive,46.62924897019629,60.0512366359447
5891,42431260,42431262,West207thStreet,23.28560803680981,30.24084713147409
5892,42431519,42431773,CarmineStreet,37.69684821829559,29.639326199880877
5893,42429701,42431773,BleeckerStreet,28.604090304611827,23.87342990345795
5894,42431242,42437925,VermilyeaAvenue,17.305202968750006,23.285320000000002
5895,42429226,42437925,IshamStreet,13.963552619047615,19.528069000000013
5896,42427873,42437925,IshamStreet,8.857813452380952,10.718091221374047
5897,42431108,42441895,West101stStreet,32.572974715596324,34.33985928644241
5898,42429557,42441895,RiversideDrive,9.051561441156911,10.546401222091658
5899,42431108,42431107,WestEndAvenue,11.186232300006726,12.235128935808149
5900,42431106,42431107,WestEndAvenue,13.16244129296778,14.495649010422756
5901,42429557,42431107,West100thStreet,30.531360805687214,31.441016614420064
5902,42431034,42421810,WestEndAvenue,10.609394422099806,12.956400655335045
5903,42431030,42421810,WestEndAvenue,12.93951124413624,14.331294006020697
5904,42421820,42421810,West84thStreet,27.390852845849803,32.04859018826135
5905,42430951,42430953,ColonelRobertMagawPlace,28.689421315789488,40.193097955555565
5906,42430747,42450352,West58thStreet,38.24899168141592,43.452397311320745
5907,42431118,42421749,WestEndAvenue,10.162399262648004,12.844148534412957
5908,42421751,42421749,West106thStreet,18.876183189189188,21.38666567398118
5909,42431273,42431275,BarrowStreet,16.340314721348335,14.330744419448838
5910,42430571,42430557,DuaneStreet,23.39151553326102,20.88493099852886
5911,42429832,42430557,WestBroadway,11.24516532388703,16.007270636300426
5912,42431156,42431154,LittleWest12thStreet,37.825215808222396,31.50267433170629
5913,42429412,42431154,WashingtonStreet,35.436035885416665,31.448999638647354
5914,42431116,42431113,WestEndAvenue,10.600645260793815,11.584953150958938
5915,42431111,42431113,WestEndAvenue,10.75130420744756,12.241020723709733
5916,42431116,42428746,West104thStreet,22.897715738938047,25.2548716029222
5917,42431111,42431108,WestEndAvenue,10.73680597865161,11.765782215778565
5918,42431107,42431108,WestEndAvenue,10.484987709035217,11.978545708154506
5919,42431111,42428737,West102ndStreet,20.296963607427053,24.58997614583333
5920,42431107,42431106,WestEndAvenue,11.267855833419194,12.598774425450324
5921,42431104,42431106,WestEndAvenue,12.08651239149755,12.079117077765606
5922,42431107,42428725,West100thStreet,22.42405196323816,26.787590781415
5923,42431104,42428720,West98thStreet,16.557009641509435,23.49915335849057
5924,42431094,42431089,WestEndAvenue,10.58406420853894,11.818750562109196
5925,42431078,42431089,WestEndAvenue,13.508089417661099,13.935245225102312
5926,42431078,42431067,WestEndAvenue,10.837278032695924,11.875097650794642
5927,42431057,42431067,WestEndAvenue,12.690878542617956,12.45714404526675
5928,42431078,42428701,West92ndStreet,25.86523030720755,31.16518215219976
5929,42431057,42428689,West90thStreet,27.78826685402348,31.947114401964974
5930,42431057,42422016,WestEndAvenue,10.369796255920269,11.359179777468702
5931,42431044,42422016,WestEndAvenue,12.47261998100922,11.695620994910525
5932,42431044,42428682,West88thStreet,27.16324228770949,29.464535866388303
5933,42431280,42423677,WestDrive,49.53915322530805,77.78219338860775
5934,42431027,42431030,WestEndAvenue,11.194763537781768,12.017601758806567
5935,42421810,42431030,WestEndAvenue,10.528246842341076,12.858234314977796
5936,42431027,42431024,WestEndAvenue,11.360737050523555,14.286303924457295
5937,42421776,42431024,WestEndAvenue,12.146157435784273,12.849796256648116
5938,42431027,42428661,West82ndStreet,21.05652601116515,27.876667857594253
5939,42431009,42431015,WestEndAvenue,11.66536123877245,13.771516480346648
5940,42428068,42431015,WestEndAvenue,10.968709496274526,13.254256178899084
5941,42431009,42431008,WestEndAvenue,11.225093724147717,14.311955421569381
5942,42431007,42431008,WestEndAvenue,11.95308745517928,14.034573574578626
5943,42431009,42428645,West76thStreet,28.23097983286119,33.24088790252533
5944,42431007,42431005,WestEndAvenue,11.648580171517331,16.58899487108938
5945,42431004,42431005,WestEndAvenue,14.141938553747424,14.804876634693544
5946,42431007,42428640,West74thStreet,37.98042507445594,44.171102099173574
5947,42430959,42430965,CherokeePlace,19.577106827354267,20.99548477503629
5948,42424142,42430965,East78thStreet,23.74671569940476,24.12068225932108
5949,42430673,42430669,11thAvenue,12.355173969871442,17.055211562605074
5950,42430115,42453777,6thAvenue,15.589442310944458,21.075204384163946
5951,42428425,42453777,WhiteStreet,58.23058190443923,82.8304016865672
5952,42430115,42428420,FranklinStreet,37.37960326551534,46.65040712508297
5953,42428425,42428420,Broadway,14.59339084612761,20.13714574227671
5954,42430324,42430329,6thAvenue,13.283757307901965,23.300973476138214
5955,42430607,42437693,West30thStreet,40.438206606251605,51.20828560614714
5956,42427821,42437693,10thAvenue,9.564474710523807,16.95824351102425
5957,42430607,42427824,11thAvenue,10.335899331745011,12.375873564610744
5958,42427821,42427824,West29thStreet,58.46661202319872,64.00609983574007
5959,42429970,42456683,5thAvenue,12.043294762218151,24.330778291829592
5960,42430394,42442142,CentralPark-CenterDrive,32.896057895149426,41.14482364817636
5961,42423677,42442142,CentralParkDrive,17.735970980036296,23.542924211323033
5962,42430394,42423674,CentralParkSouth,54.77917597079324,77.3496455876958
5963,42423677,42423674,CentralPark-CenterDrive,17.33114568906417,27.33386963764879
5964,42430600,42434827,West27thStreet,26.656840018608985,47.05929532121648
5965,42430600,42430597,11thAvenue,11.777692830141218,13.81666688540585
5966,42430519,42430521,DuaneStreet,16.144106413553796,17.669777323983972
5967,42430488,42434910,1stAvenue,8.32401994255951,10.395327060987418
5968,42430488,42430491,East102ndStreet,27.122670172311345,35.080294581971046
5969,42430482,42434898,3rdAvenue,8.723873524886315,10.289584099595015
5970,42429874,42453624,5thAvenue,14.516153981533892,13.354704572022595
5971,42429466,42433044,SaintNicholasAvenue,11.412471115241637,13.306438832116788
5972,42428989,42433044,West172ndStreet,21.11512684684684,25.493865247524763
5973,42430263,42439834,West19thStreet,66.31733557170836,72.78444045457235
5974,42427374,42439834,7thAvenue,13.001046881884267,10.81285932541693
5975,42430263,42427371,6thAvenue,13.882508702005918,16.96388417691362
5976,42427374,42427371,West20thStreet,61.18627972952548,59.906717252548226
5977,42430550,42430546,DuaneStreet,9.92637468962756,13.063260773302455
5978,42430550,42429830,ChurchStreet,11.956832483627403,15.314987854237213
5979,42429829,42429830,ThomasStreet,11.419271028703866,12.577941336573508
5980,42430259,42439275,West17thStreet,68.9994836012662,66.9604232095037
5981,42429661,42439275,7thAvenue,13.797418914603034,11.368431531470954
5982,42430259,42429659,6thAvenue,14.451227201574024,15.005485883382775
5983,42429661,42429659,West18thStreet,63.23814314839982,62.06653453142759
5984,42430249,42439070,West12thStreet,83.58915588247382,80.44133194771602
5985,42429373,42439070,5thAvenue,17.549171180060313,15.326795113613805
5986,42430249,42429374,6thAvenue,13.780104593540244,13.004836755794274
5987,42429373,42429374,West13thStreet,77.32356202553342,77.80073699625639
5988,42430546,42429829,TrimblePlace,8.856468453237408,8.877204282936315
5989,42428408,42429829,ThomasStreet,25.67393912503044,29.994911430087015
5990,42430546,42428405,DuaneStreet,23.56117351251804,30.63539945252801
5991,42428408,42428405,Broadway,11.290106718895768,15.267280753824904
5992,42430271,42437881,West23rdStreet,74.90239563303865,74.76374089896372
5993,42428201,42437881,East23rdStreet,15.644329053120652,16.667161315678673
5994,42427421,42437881,5thAvenue,10.970675967817074,11.713575313240732
5995,42430271,42427423,6thAvenue,15.483750057161965,21.626111121929874
5996,42427426,42427423,West24thStreet,59.75592011938583,63.27831731126462
5997,42429976,42447030,LexingtonAvenue,12.094998093141733,22.439212271423425
5998,42429976,42429974,East63rdStreet,39.53265723139397,49.94150283282346
5999,42429708,42429709,West218thStreet,56.58936115384613,38.591329615384616
6000,42430237,42437951,West8thStreet,44.099187451668456,42.15689136587249
6001,42430154,42430160,6thAvenue,12.96377508257654,15.646211367634134
6002,42430535,42427278,LafayetteStreet,10.707913514589816,17.496445215092773
6003,42429918,42446293,1stAvenue,19.470625191973145,26.22994757059065
6004,42422868,42446293,East28thStreet,31.016917764423066,36.78257204689864
6005,42429657,42454378,5thAvenue,28.62058140458509,28.55975272782246
6006,42428179,42454378,East19thStreet,33.16178636431509,37.35231585777407
6007,42429657,42428174,East18thStreet,53.980730031267264,48.85023383541676
6008,42428179,42428174,Broadway,15.5226517642084,13.486968217097335
6009,42429999,42442417,AmsterdamAvenue,9.03581651177899,11.153493699147102
6010,42430060,42439559,LexingtonAvenue,10.551975762476474,15.339590513798203
6011,42430060,42430056,East75thStreet,33.45626846763405,40.99088263194313
6012,42430050,42439553,5thAvenue,9.611721066979314,15.707418718383078
6013,42430235,42430237,6thAvenue,16.526228660137885,14.952695489979645
6014,42421882,42430237,GreenwichAvenue,14.103849416261632,13.096752564994425
6015,42430329,42428283,West41stStreet,54.918756213924475,84.894559297533
6016,42428287,42428283,Broadway,24.886373211458462,31.03128007344123
6017,42430320,42430324,6thAvenue,14.031301465737204,24.49138771593623
6018,42428277,42430324,West40thStreet,58.665328222832485,66.20048773993365
6019,42430320,42428272,West39thStreet,41.99213791248409,64.55784625724462
6020,42428277,42428272,Broadway,20.24959140045321,25.12769122891339
6021,42429570,42453406,WestStreet,8.221943553867042,11.24152447688768
6022,42430314,42430317,6thAvenue,13.566507242682116,23.046785774535646
6023,42428268,42430317,West38thStreet,35.23829228532247,45.42154747762198
6024,42430314,42428264,West37thStreet,29.58274885862385,46.99063928580908
6025,42428268,42428264,Broadway,20.26802550115588,28.92224529505581
6026,42430308,42430311,6thAvenue,14.280362272324016,25.072101290141735
6027,42428258,42430311,West36thStreet,22.49938767299778,30.40593897539733
6028,42430308,42428253,West35thStreet,16.27926123224831,28.617012830961038
6029,42428258,42428253,Broadway,22.10483066434578,26.028242741194482
6030,42430295,42430298,6thAvenue,14.84506333383642,26.35220124887093
6031,42430295,42428234,West32ndStreet,20.092017747876803,28.985707462651977
6032,42428239,42428234,Broadway,23.77600412318377,39.00222295267892
6033,42430288,42430292,6thAvenue,14.070078677761225,26.243277773013318
6034,42428232,42430292,West31stStreet,33.792274307132445,50.48776079150406
6035,42430288,42428227,West30thStreet,41.593910654332696,50.326398376719816
6036,42428232,42428227,Broadway,29.561036149957882,34.879722838874656
6037,42430277,42430279,6thAvenue,13.723827348649126,21.53393586810894
6038,42428220,42430279,West27thStreet,57.755685099403294,77.17331167580136
6039,42430277,42428216,West26thStreet,68.45331600552596,65.93791288008202
6040,42428220,42428216,Broadway,26.74887228111105,28.26648637901185
6041,42429842,42442107,PearlStreet,23.065924432770768,31.227134025104608
6042,42430282,42428223,West28thStreet,55.81842810298562,52.07329733194601
6043,42427787,42428223,Broadway,37.53314714081725,37.87943703871643
6044,42430282,42427797,6thAvenue,13.428160281045306,24.039870181880087
6045,42427787,42427797,West29thStreet,50.25229401573765,69.71171923587742
6046,42430205,42430217,6thAvenue,9.312472329459188,8.722354692147219
6047,42430143,42423456,WattsStreet,35.915513667117764,42.21623142754404
6048,42426060,42423456,WattsStreet,32.60908366057441,37.14013436069703
6049,42424864,42423456,VarickStreet,12.190988645006268,16.25557453954177
6050,42429412,42429431,West13thStreet,49.93152606890147,36.663603170913134
6051,42429694,42445247,1stAvenue,8.592865087171813,11.216293898869969
6052,42428005,42445247,East71stStreet,62.81685171126325,63.53924065831312
6053,42429694,42428003,East70thStreet,36.64920039242065,57.71718124865445
6054,42427996,42428003,YorkAvenue,14.165918015696976,15.269583339043198
6055,42428005,42428003,YorkAvenue,9.148619648665823,16.632003549283088
6056,42429703,42444884,9thAvenue,14.323247169811324,18.357554193548385
6057,42427504,42444884,9thAvenue,9.753078,10.533956666666667
6058,42429716,42443156,ClaremontAvenue,10.004657906793053,11.83305588292684
6059,42429716,42428840,West120thStreet,13.09988427402863,13.745833679653686
6060,42429714,42428840,West120thStreet,39.47574548907881,47.86999735553377
6061,42428989,42428985,Broadway,9.350192770034836,10.043514897466828
6062,42428980,42428985,Broadway,5.8156928923736775,10.384563314405254
6063,42429342,42454196,1stAvenue,9.358994665045554,11.856990219180494
6064,42428039,42454196,East87thStreet,48.34812836411611,54.051399574568634
6065,42429342,42428037,East86thStreet,45.79457403879459,52.0118766525318
6066,42429346,42428037,East86thStreet,38.055644818749975,45.49244488493268
6067,42428034,42428037,YorkAvenue,13.640793444469482,12.743041379867222
6068,42428039,42428037,YorkAvenue,10.73777076320435,12.475596890182436
6069,42429577,42429570,MurrayStreet,15.479731486644496,17.435606025280904
6070,42429565,42429570,MurrayStreet,50.08252705108365,53.0472809290296
6071,42429479,42449804,HavenAvenue,19.264564503816796,37.817360558659225
6072,42429718,42441104,RiversideDrive,12.509541494423786,17.709167084143964
6073,42429242,42429236,Broadway,20.835627499999987,20.399229374999994
6074,42429231,42429236,Broadway,12.798039580838322,22.07196621052632
6075,42429809,42435538,BialystokerPlace,6.881678935707224,8.04144393953001
6076,42427340,42435538,DelanceyStreet,21.06093154902434,24.121395606287432
6077,42429809,42427345,DelanceyStreet,13.540380500239445,14.337342923723408
6078,42427340,42427345,PittStreet,12.297680303444093,8.995221011568017
6079,42429637,42440798,CanalStreet,26.257671563218373,30.502620040160647
6080,42429806,42435534,RidgeStreet,11.495632006980802,11.470684875406285
6081,42429806,42424932,DelanceyStreet,23.207791672492853,22.932465142496852
6082,42429226,42429228,Broadway,15.559139464285712,28.78859537878787
6083,42429231,42429228,Broadway,20.027486612903235,18.816935714285727
6084,42429104,42454300,West190thStreet,16.161962685185188,26.32425560606061
6085,42429104,42429094,Broadway,16.082734953560358,17.329494584717615
6086,42429083,42429094,Broadway,10.623683364174695,13.331376369177187
6087,42429646,42437111,RivingtonStreet,16.570525704407963,17.88093191663698
6088,42429735,42429732,West120thStreet,40.61474972337481,47.16283507741936
6089,42429044,42429058,Broadway,6.4345357597117765,8.3339704293313
6090,42429072,42429058,Broadway,8.511317906336084,7.344022910958897
6091,42429541,42428876,West132ndStreet,30.646856355327056,41.58890654281098
6092,42428873,42428876,Broadway,9.275031929383758,13.975806931646526
6093,42429541,42424701,West132ndStreet,7.213770574850303,9.252336028622542
6094,42424679,42424701,MarginalStreet,11.495039567246494,14.215204811320756
6095,42429811,42429809,DelanceyStreet,12.560805777485141,11.434843747169044
6096,42429538,42429536,West132ndStreet,47.61892924812029,59.029949705304524
6097,42429217,42429216,Broadway,11.758557388059707,13.8826112631579
6098,42429215,42429216,Broadway,9.843518178934008,13.724458140200289
6099,42429707,42429705,West218thStreet,20.828022222222227,28.78036106060605
6100,42429346,42439384,HendersonPlace,28.630315012224933,37.75826485933504
6101,42429174,42427846,Broadway,7.131743086340205,8.341269294670846
6102,42427849,42427846,ShermanAvenue,12.732368783783786,15.266318405797104
6103,42429565,42430009,GreenwichStreet,18.15412844134537,24.353848070280264
6104,42428003,42427996,YorkAvenue,10.687816970704509,21.206479634484577
6105,42427991,42427996,YorkAvenue,16.543318883513642,18.8678451835342
6106,42429431,42431156,10thAvenue,11.419912482407652,11.067912924747207
6107,42429388,42432214,8thAvenue,7.14993998477766,7.2020271921943335
6108,42429378,42432214,GreenwichAvenue,21.22425058677191,21.688538057352055
6109,42429354,42422056,GoldStreet,18.697261571023347,23.58674100146557
6110,42427249,42422056,MaidenLane,21.782190865603646,23.955559844341607
6111,42422053,42422056,LibertyStreet,13.032630646787185,14.277542367637254
6112,42424757,42447209,LexingtonAvenue,10.954222276657061,17.97608479485116
6113,42428858,42421857,Broadway,30.294515738125817,26.901759514454113
6114,42421865,42421857,LaSalleStreet,14.303299197396958,18.593073711985692
6115,42421852,42421857,LaSalleStreet,43.737615954773865,46.30708476890754
6116,42429211,42429184,Broadway,16.234709551820725,18.554235637583893
6117,42424583,42435904,FrederickDouglassBoulevard,13.001036417445484,17.834926623188398
6118,42426810,42435904,HarlemRiverDrive,35.25688868660597,46.70626948717949
6119,42424583,42424531,7thAvenue,14.518693155668357,19.642877926605504
6120,42428411,42428408,Broadway,12.653351377379618,18.28751285936516
6121,42428980,42433041,SaintNicholasAvenue,25.800372721088433,36.48636262500001
6122,42428980,42427139,West169thStreet,42.756675,64.09859022556391
6123,42427136,42427139,FortWashingtonAvenue,7.85529746125461,13.545173346613538
6124,42427143,42427139,FortWashingtonAvenue,12.23794749253731,16.014344769230767
6125,42428973,42427133,West165thStreet,24.75544033613445,42.62806361031519
6126,42427136,42427133,FortWashingtonAvenue,32.45142748826291,42.549225381008156
6127,42427128,42427133,FortWashingtonAvenue,8.896881235864297,17.25896655284553
6128,42428489,42428483,Broadway,23.94587222344637,22.125371256151347
6129,42428588,42443313,ColumbusAvenue,18.13131452237667,21.399372221705924
6130,42428588,42428583,Broadway,9.755456963485903,10.761566661845736
6131,42429013,42429006,Broadway,6.866000211864405,8.604923333333321
6132,42429002,42429006,Broadway,5.588730732758618,9.147157373117679
6133,42427164,42429006,West176thStreet,17.90068872340426,26.17767043243243
6134,42429013,42427168,West177thStreet,17.316309064625845,25.229590268456374
6135,42427164,42427168,FortWashingtonAvenue,4.643488126298294,8.602013096614371
6136,42429002,42427159,West175thStreet,18.86985711711712,26.82270838095239
6137,42427164,42427159,FortWashingtonAvenue,9.691110566406246,11.833273065476195
6138,42427156,42427159,FortWashingtonAvenue,3.3911202784048182,6.11917038109756
6139,42428985,42428989,Broadway,5.360566664288772,9.614109628912553
6140,42427150,42428989,West172ndStreet,31.181538177083322,40.402132945736454
6141,42428985,42427146,West171stStreet,16.61287965641953,29.011481732283467
6142,42427150,42427146,FortWashingtonAvenue,12.166250068493145,14.404826411483247
6143,42427143,42427146,FortWashingtonAvenue,8.817410939271259,15.110501875658596
6144,42428020,42451744,East79thStreet,34.63789263212302,39.654197889272616
6145,42428458,42428454,Broadway,19.03319594285255,21.265900892203806
6146,42427968,42451332,East62ndStreet,13.553524855699866,10.666325128022756
6147,42424137,42451332,FDRDrive,28.956822549651104,32.59792889805696
6148,42427968,42427970,YorkAvenue,11.682731950251565,17.71977056152536
6149,42427972,42427970,YorkAvenue,14.19883558259624,22.91754673424943
6150,42424137,42427970,East63rdStreet,37.87897848856022,40.13892911395647
6151,42427968,42427965,YorkAvenue,22.450674831443905,24.30832357384061
6152,42424672,42427965,YorkAvenue,17.758098915038484,19.51949882004017
6153,42428376,42438155,CortlandtStreet,29.42403370904452,38.524450295885366
6154,42422038,42438155,TrinityPlace,17.101022834196627,27.67422835915812
6155,42428376,42422042,Broadway,19.201722212223753,30.513996525351327
6156,42422038,42422042,LibertyStreet,22.463339391519593,32.04364052581265
6157,42428192,42443671,East21stStreet,30.390537467790352,33.54050081409004
6158,42427369,42443671,5thAvenue,23.36469523245213,24.7132880598607
6159,42428192,42428183,Broadway,15.224097340519824,13.159708879191367
6160,42427369,42428183,East20thStreet,31.16746584163199,30.679693914706387
6161,42428103,42427185,West180thStreet,13.974599923076925,18.355207596899227
6162,42427190,42427185,FortWashingtonAvenue,17.533505283333326,19.68777406685236
6163,42428015,42430959,East77thStreet,38.57074991994661,46.171639270008775
6164,42427979,42427985,YorkAvenue,10.451029642536426,15.913289721202649
6165,42427991,42427985,YorkAvenue,14.898438219573073,23.22737089797991
6166,42428047,42444822,East90thStreet,39.093074474589216,41.54299297690489
6167,42428223,42438544,West28thStreet,48.67953751347114,51.88553745082295
6168,42427786,42438544,5thAvenue,14.261934499147664,12.391807468848429
6169,42428529,42428524,Broadway,23.948793242250613,36.47526218681968
6170,42428227,42427787,Broadway,29.24753369348549,36.21682983698296
6171,42427786,42427787,West29thStreet,59.438612100860894,73.36706486958596
6172,42428468,42428464,Broadway,16.50943168131457,17.22480531759313
6173,42428061,42438859,ColumbusAvenue,10.67292181345286,12.167967224236962
6174,42424225,42438859,West77thStreet,37.706855698992456,49.754665026647956
6175,42428365,42422826,MorrisStreet,11.7350161866502,27.62276323722148
6176,42428368,42428365,Broadway,38.816251395535936,68.69094289420912
6177,42427985,42427979,YorkAvenue,13.23064143412796,21.385490235386513
6178,42427975,42427979,YorkAvenue,10.756001998122976,16.813394489567152
6179,42428212,42430274,West25thStreet,56.727739728988034,66.50981396379503
6180,42427423,42430274,6thAvenue,14.71082810206089,21.026438512941766
6181,42427891,42427888,SaintNicholasPlace,13.659551413043475,15.062080238095238
6182,42427883,42427888,SaintNicholasPlace,12.744383823529418,15.147701577946766
6183,42427538,42427531,SaintNicholasTerrace,12.679160249031534,17.915659057093425
6184,42428068,42431019,WestEndAvenue,13.806559759839894,16.13017416558327
6185,42422592,42431019,West79thStreet,20.505930669352892,22.660742057825885
6186,42421776,42431019,WestEndAvenue,10.500867893378043,13.212673321297686
6187,42428068,42428065,West78thStreet,22.16955225770681,25.964288357497917
6188,42427249,42434418,PearlStreet,13.7197811370663,18.873982169112512
6189,42428107,42428103,West180thStreet,15.345983884892087,21.569971640624992
6190,42427744,42427747,JacksonStreet,27.072581048034934,22.59364458410352
6191,42427750,42427747,JacksonStreet,13.12473576419214,13.450625382059801
6192,42427812,42435635,8thAvenue,13.960324385949738,26.76071867430748
6193,42427812,42427817,West29thStreet,58.23592886678882,75.91460791345287
6194,42427970,42424137,East63rdStreet,11.636915993833494,17.782006895431547
6195,42427859,42427855,ShermanAvenue,13.829993492063489,17.320733333333333
6196,42427852,42427855,ShermanAvenue,5.86577113636364,8.713235671641794
6197,42427936,42427934,West225thStreet,49.20110909090909,68.46001500000001
6198,42427393,42443677,11thAvenue,13.52333969494994,24.57927449728643
6199,42427305,42427307,CentreStreet,35.60333562928557,51.59496808761424
6200,42427750,42423303,JacksonStreet,4.827580847784201,6.207608335809808
6201,42426805,42433526,East111thStreet,24.34473136363637,44.276508571428565
6202,42426865,42450910,FDRDrive,14.509516973288438,15.331776402985074
6203,42427126,42427128,FortWashingtonAvenue,6.9599509831649815,13.760671725543466
6204,42427133,42427128,FortWashingtonAvenue,15.8730794,21.125975796954318
6205,42427115,42441695,West161stStreet,53.629449529411794,66.15961777777778
6206,42427115,42427112,FortWashingtonAvenue,8.378286110344828,9.064954468864473
6207,42427086,42427112,FortWashingtonAvenue,9.425392756785527,14.316892466181054
6208,42427423,42427421,West24thStreet,66.37335185805419,59.92466392443491
6209,42426960,42443119,East128thStreet,27.84839751404495,43.17640358773647
6210,42427345,42427346,PittStreet,22.19322294862298,17.104901213048706
6211,42424229,42431413,WestDrive,17.95232820096239,26.900410743017243
6212,42427026,42433385,FDRDrive,4.458781469302085,5.854534437174331
6213,42427152,42427156,FortWashingtonAvenue,5.06036141007194,10.319780944716584
6214,42427159,42427156,FortWashingtonAvenue,6.988898034351142,8.964075966850825
6215,42427156,42427152,FortWashingtonAvenue,10.593402934131731,13.554432941176474
6216,42427150,42427152,FortWashingtonAvenue,10.950658265835926,15.140123989218328
6217,42427009,42433490,FDRDrive,35.316963398149134,46.50595255845714
6218,42427128,42428970,West164thStreet,28.02603798994975,36.412728310502295
6219,42427128,42427126,FortWashingtonAvenue,9.074016142857143,10.963480846824407
6220,42427122,42427126,FortWashingtonAvenue,6.312292528019931,10.347486587615284
6221,42427122,42428966,West162ndStreet,20.965049552238813,27.259223717472114
6222,42427122,42427115,FortWashingtonAvenue,8.856987830188675,9.16811508663366
6223,42427112,42427115,FortWashingtonAvenue,5.711449938616068,8.535345731441051
6224,42427112,42428964,West160thStreet,12.836789021739127,19.428011
6225,42427086,42428964,Broadway,6.3197435109512865,11.202344696366355
6226,42427036,42427030,FDRDrive,15.980520245845067,25.78278257922633
6227,42426971,42425484,HarlemRiverDrive,46.60935961538462,67.01018857142857
6228,42425955,42435434,WorthStreet,29.115257421477253,35.44463577306735
6229,42425246,42450634,FDRDrive,10.850834052073376,15.981123334773946
6230,42425484,42437932,HarlemRiverDrive,48.07635402943238,65.70441918976539
6231,42425752,42425417,HarlemRiverDrive,20.338219844961245,21.901520961538463
6232,42425681,42426011,HarlemRiverDrive,29.87976548435173,46.92351135005972
6233,42424851,42424850,CentralParkWest85thApproach,29.24399162394547,41.10010771424332
6234,42425425,42425423,HarlemDriveWest,12.906843857142857,20.57428760563381
6235,42425188,42422366,West79thStreet,9.70508403738318,10.236210530085962
6236,42422592,42422366,West79thStreet,9.714161939213204,13.930741125228483
6237,42424805,42433881,CentralPk-CtrDrive,15.514635597118064,19.37831157953237
6238,42424439,42424456,97thStreetTransverse,13.220639387453875,16.333480260099606
6239,42424235,42425425,HarlemDriveWest,17.38292903463941,24.737040238970593
6240,42424218,42446386,12thAvenue,19.15167994236568,33.563394054321144
6241,42423885,42446504,10thAvenue,10.925096355449893,16.18274994723989
6242,42424145,42438809,FDRDrive,21.284851460706886,33.574307094565214
6243,42423456,42452015,VarickStreet,14.731502289319046,20.66519370290081
6244,42424334,42424382,I78,5.656729735258727,6.615339642184554
6245,42424032,42425223,West72ndStreet,17.929617688071094,18.74014453039833
6246,42424258,42424334,I78,12.638726263498926,9.574085986842109
6247,42424133,42427009,FDRDrive,30.83005318561257,39.51697711964877
6248,42424109,42424133,FDRDrive,3.6098289619552526,4.615035233750431
6249,42423039,42450820,FDRDrive,11.531017576049125,12.645742183494587
6250,42423774,42426865,FDRDrive,15.593413562697235,13.709774357016508
6251,42422860,42454214,East27thStreet,19.58298,119.07159307692308
6252,42423295,42437519,FDRDrive,7.604803586619643,9.919305905572754
6253,42422509,42457925,FDRDrive,12.452296891861048,18.10372037529799
6254,42423549,42423053,FDRDrive,16.763580242091006,21.10533605229954
6255,42422053,42454795,MaidenLane,43.327062130116516,57.6952778184592
6256,42422050,42454795,NassauStreet,15.15981805401407,21.610201497206692
6257,42422053,42429362,WilliamStreet,11.62221404383174,16.546373770573574
6258,42423070,42422545,HenryHudsonParkway,15.381987936213855,17.461278533077074
6259,42421783,42454313,BennettAvenue,17.872805517241382,35.501850506329106
6260,42421974,42421972,West61stStreet,38.04120788263021,42.895562497964505
6261,42422038,42422035,LibertyStreet,22.156673417391314,22.554696598263632
6262,42422545,42422399,HenryHudsonParkway,20.463487391475546,23.19034788136637
6263,42422366,42425188,West79thStreet,4.997223077107176,6.990325986717916
6264,42422035,42434413,GreenwichStreet,17.13325411921234,18.64879100155887
6265,42422035,42422038,LibertyStreet,20.547062350670462,28.224665023204004
6266,42422042,42422038,LibertyStreet,23.33935441962505,30.024705318369218
6267,42421772,42442469,AmsterdamAvenue,10.637655728476613,11.63157197072698
6268,42421882,42436856,ChristopherStreet,23.019582750521234,21.33647198577596
6269,42421810,42421809,West84thStreet,22.392694015042967,26.30009370602808
6270,42421751,42432764,RiversideDrive,11.781856842105274,14.838598712765954
6271,42421776,42421775,West80thStreet,20.423111413946085,25.81622753498177
6272,42421786,42421791,HillsideAvenue,30.382954024390244,49.5024541935484
